Red Value, IR Value
-16323,-15481
-16316,-15444
-16345,-15470
-16337,-15448
-16384,-15517
-16411,-15516
-16518,-15592
-16558,-15623
-16675,-15729
-16760,-15789
-16872,-15891
-16896,-15883
-16919,-15904
-16872,-15851
-16835,-15853
-16811,-15822
-16772,-15832
-16716,-15766
-16638,-15747
-16609,-15724
-16589,-15727
-16560,-15699
-16557,-15687
-16523,-15666
-16503,-15673
-16496,-15656
-16512,-15646
-16492,-15591
-16512,-15569
-16497,-15511
-16526,-15531
-16593,-15536
-16724,-15599
-16808,-15596
-16893,-15648
-16961,-15670
-16986,-15712
-16960,-15679
-16933,-15673
-16845,-15645
-16776,-15651
-16736,-15603
-16602,-15565
-16509,-15520
-16453,-15534
-16400,-15516
-16370,-15570
-16369,-15571
-16373,-15615
-16370,-15594
-16399,-15627
-16368,-15570
-16359,-15603
-16373,-15565
-16393,-15572
-16370,-15538
-16374,-15546
-16396,-15526
-16432,-15542
-16439,-15505
-16474,-15521
-16469,-15487
-16485,-15512
-16501,-15515
-16540,-15548
-16520,-15527
-16549,-15564
-16532,-15532
-16528,-15594
-16528,-15573
-16551,-15624
-16527,-15602
-16547,-15617
-16514,-15598
-16494,-15627
-16490,-15606
-16490,-15646
-16462,-15593
-16430,-15616
-16441,-15617
-16424,-15642
-16408,-15621
-16430,-15632
-16410,-15617
-16410,-15651
-16430,-15642
-16453,-15675
-16442,-15635
-16417,-15661
-16431,-15655
-16438,-15658
-16425,-15612
-16417,-15584
-16372,-15533
-16343,-15508
-16343,-15460
-16336,-15460
-16316,-15408
-16331,-15421
-16302,-15377
-16281,-15424
-16268,-15418
-16282,-15452
-16225,-15415
-16207,-15452
-16220,-15453
-16219,-15469
-16223,-15443
-16251,-15479
-16229,-15449
-16224,-15480
-16242,-15473
-16255,-15500
-16245,-15481
-16263,-15484
-16222,-15445
-16205,-15477
-16219,-15457
-16227,-15468
-16208,-15440
-16218,-15443
-16186,-15413
-16170,-15448
-16180,-15431
-16183,-15463
-16167,-15432
-16156,-15460
-16168,-15462
-16171,-15497
-16155,-15475
-16181,-15502
-16148,-15489
-16153,-15523
-16162,-15499
-16178,-15536
-16166,-15493
-16175,-15513
-16152,-15495
-16146,-15511
-16162,-15516
-16159,-15541
-16152,-15513
-16184,-15546
-16145,-15523
-16142,-15554
-16168,-15542
-16177,-15579
-16163,-15542
-16150,-15552
-16153,-15511
-16149,-15484
-16110,-15432
-16108,-15376
-16068,-15304
-16051,-15317
-16054,-15284
-16058,-15290
-16040,-15255
-16035,-15278
-16041,-15275
-16064,-15302
-16047,-15286
-16063,-15313
-16056,-15284
-16029,-15316
-16055,-15312
-16070,-15341
-16056,-15321
-16084,-15354
-16053,-15313
-16073,-15377
-16076,-15341
-16096,-15375
-16082,-15350
-16063,-15370
-16080,-15360
-16080,-15381
-16068,-15360
-16083,-15377
-16050,-15338
-16060,-15400
-16068,-15383
-16084,-15419
-16073,-15391
-16064,-15416
-16090,-15405
-16095,-15429
-16078,-15415
-16096,-15450
-16083,-15416
-16071,-15442
-16083,-15442
-16091,-15470
-16102,-15444
-16123,-15457
-16100,-15438
-16103,-15463
-16113,-15455
-16131,-15479
-16117,-15458
-16136,-15475
-16125,-15442
-16117,-15476
-16126,-15464
-16143,-15500
-16106,-15455
-16102,-15495
-16116,-15483
-16113,-15501
-16100,-15445
-16097,-15429
-16050,-15353
-16019,-15331
-16020,-15302
-16033,-15294
-16010,-15261
-15996,-15270
-16009,-15263
-16015,-15294
-16014,-15259
-16037,-15290
-16007,-15268
-16020,-15299
-16033,-15287
-16063,-15307
-16049,-15279
-16047,-15301
-16052,-15295
-16068,-15325
-16056,-15313
-16089,-15346
-16056,-15322
-16042,-15355
-16070,-15353
-16076,-15386
-16052,-15364
-16082,-15396
-16061,-15369
-16054,-15427
-16075,-15425
-16091,-15462
-16090,-15439
-16119,-15480
-16090,-15453
-16088,-15501
-16100,-15482
-16125,-15513
-16106,-15481
-16097,-15506
-16112,-15495
-16121,-15519
-16114,-15506
-16151,-15536
-16117,-15505
-16113,-15530
-16124,-15528
-16136,-15562
-16137,-15533
-16160,-15560
-16129,-15526
-16123,-15557
-16139,-15554
-16145,-15590
-16121,-15582
-16163,-15645
-16142,-15643
-16152,-15730
-16166,-15749
-16211,-15838
-16191,-15820
-16175,-15816
-16166,-15814
-16177,-15799
-16146,-15751
-16150,-15743
-16116,-15690
-16102,-15712
-16108,-15686
-16116,-15704
-16109,-15682
-16097,-15690
-16114,-15699
-16114,-15711
-16110,-15686
-16139,-15708
-16119,-15672
-16105,-15693
-16121,-15692
-16135,-15721
-16131,-15693
-16158,-15712
-16128,-15688
-16124,-15718
-16134,-15706
-16147,-15733
-16138,-15689
-16157,-15715
-16127,-15667
-16136,-15674
-16143,-15653
-16151,-15672
-16130,-15637
-16159,-15655
-16126,-15614
-16121,-15650
-16139,-15635
-16142,-15667
-16131,-15638
-16153,-15676
-16118,-15646
-16124,-15680
-16122,-15665
-16150,-15706
-16137,-15663
-16129,-15683
-16138,-15689
-16166,-15697
-16155,-15672
-16180,-15690
-16149,-15652
-16152,-15681
-16169,-15653
-16187,-15672
-16176,-15645
-16204,-15650
-16185,-15614
-16195,-15636
-16212,-15610
-16230,-15622
-16215,-15602
-16243,-15624
-16210,-15593
-16206,-15623
-16209,-15589
-16233,-15588
-16190,-15519
-16144,-15499
-16146,-15474
-16140,-15467
-16122,-15446
-16142,-15459
-16112,-15431
-16101,-15481
-16127,-15476
-16134,-15518
-16124,-15495
-16157,-15538
-16117,-15525
-16119,-15564
-16133,-15553
-16147,-15589
-16152,-15574
-16131,-15596
-16149,-15589
-16166,-15631
-16150,-15616
-16179,-15627
-16152,-15630
-16147,-15648
-16151,-15633
-16179,-15670
-16148,-15628
-16128,-15630
-16148,-15651
-16140,-15678
-16160,-15666
-16176,-15696
-16159,-15677
-16148,-15700
-16168,-15700
-16181,-15725
-16178,-15707
-16207,-15741
-16180,-15706
-16176,-15740
-16198,-15731
-16209,-15752
-16193,-15733
-16181,-15760
-16204,-15749
-16208,-15774
-16211,-15755
-16236,-15774
-16201,-15758
-16193,-15798
-16198,-15792
-16215,-15824
-16186,-15806
-16178,-15799
-16186,-15809
-16174,-15826
-16181,-15810
-16188,-15816
-16160,-15767
-16145,-15748
-16140,-15712
-16119,-15671
-16095,-15610
-16102,-15596
-16068,-15548
-16051,-15576
-16078,-15560
-16109,-15572
-16101,-15555
-16138,-15591
-16116,-15552
-16129,-15596
-16137,-15577
-16154,-15611
-16137,-15574
-16115,-15615
-16123,-15621
-16122,-15669
-16120,-15649
-16156,-15679
-16125,-15648
-16112,-15679
-16123,-15666
-16121,-15689
-16117,-15656
-16138,-15672
-16109,-15648
-16103,-15670
-16121,-15651
-16130,-15677
-16111,-15647
-16150,-15669
-16124,-15621
-16121,-15667
-16128,-15652
-16150,-15663
-16129,-15633
-16124,-15666
-16133,-15661
-16154,-15674
-16147,-15651
-16165,-15682
-16138,-15651
-16138,-15719
-16157,-15692
-16176,-15716
-16155,-15685
-16156,-15722
-16167,-15704
-16177,-15730
-16173,-15715
-16207,-15731
-16167,-15712
-16163,-15739
-16183,-15725
-16182,-15725
-16160,-15663
-16162,-15625
-16114,-15559
-16090,-15548
-16097,-15501
-16098,-15505
-16084,-15468
-16105,-15480
-16075,-15458
-16082,-15493
-16078,-15475
-16102,-15533
-16090,-15485
-16071,-15503
-16091,-15514
-16113,-15542
-16097,-15524
-16114,-15549
-16100,-15527
-16100,-15570
-16105,-15555
-16134,-15583
-16119,-15554
-16129,-15595
-16102,-15554
-16093,-15596
-16102,-15575
-16122,-15597
-16091,-15560
-16088,-15580
-16113,-15579
-16114,-15598
-16108,-15578
-16131,-15602
-16108,-15582
-16107,-15612
-16122,-15603
-16139,-15629
-16123,-15610
-16144,-15633
-16109,-15617
-16115,-15652
-16123,-15632
-16155,-15671
-16117,-15645
-16120,-15659
-16124,-15662
-16147,-15674
-16133,-15663
-16150,-15677
-16139,-15635
-16123,-15692
-16135,-15677
-16155,-15713
-16133,-15672
-16123,-15691
-16137,-15682
-16132,-15668
-16110,-15600
-16105,-15562
-16067,-15495
-16032,-15470
-16036,-15460
-16045,-15448
-16028,-15410
-16047,-15429
-16031,-15395
-16016,-15445
-16032,-15429
-16049,-15453
-16038,-15435
-16067,-15458
-16044,-15435
-16050,-15481
-16060,-15478
-16094,-15524
-16072,-15508
-16057,-15532
-16079,-15532
-16095,-15562
-16091,-15543
-16107,-15553
-16080,-15542
-16072,-15548
-16063,-15540
-16068,-15566
-16039,-15537
-16064,-15555
-16030,-15541
-16013,-15600
-16046,-15602
-16058,-15651
-16052,-15640
-16081,-15673
-16050,-15640
-16049,-15670
-16066,-15669
-16080,-15690
-16074,-15664
-16056,-15677
-16081,-15676
-16091,-15703
-16076,-15681
-16100,-15712
-16079,-15693
-16079,-15727
-16091,-15708
-16097,-15747
-16096,-15717
-16121,-15727
-16092,-15723
-16083,-15748
-16096,-15738
-16117,-15777
-16104,-15740
-16124,-15747
-16081,-15680
-16059,-15666
-16049,-15599
-16027,-15560
-15993,-15502
-15979,-15482
-15982,-15472
-15981,-15481
-15975,-15460
-16000,-15498
-15982,-15457
-15974,-15496
-15991,-15507
-16007,-15535
-16005,-15508
-16032,-15545
-16000,-15515
-16012,-15562
-16013,-15548
-16034,-15589
-16023,-15570
-16051,-15612
-16027,-15566
-16030,-15598
-16036,-15586
-16052,-15615
-16033,-15587
-16019,-15593
-16033,-15581
-16043,-15620
-16037,-15596
-16059,-15609
-16029,-15594
-16036,-15635
-16039,-15620
-16054,-15646
-16044,-15629
-16063,-15664
-16044,-15630
-16037,-15658
-16055,-15670
-16078,-15698
-16058,-15672
-16093,-15707
-16051,-15677
-16066,-15710
-16072,-15705
-16097,-15749
-16073,-15715
-16067,-15720
-16080,-15735
-16077,-15747
-16077,-15735
-16093,-15787
-16077,-15741
-16063,-15767
-16086,-15760
-16100,-15792
-16093,-15781
-16113,-15789
-16093,-15774
-16089,-15795
-16088,-15772
-16102,-15761
-16067,-15687
-16061,-15636
-16003,-15552
-15989,-15536
-15986,-15500
-15977,-15507
-15969,-15470
-15959,-15477
-15969,-15481
-15960,-15532
-15982,-15512
-16002,-15545
-15983,-15519
-15973,-15559
-15994,-15550
-16018,-15589
-15998,-15566
-16032,-15601
-16002,-15574
-15998,-15618
-16017,-15604
-16033,-15649
-16021,-15621
-16048,-15635
-16006,-15600
-16005,-15627
-16016,-15612
-16017,-15623
-16015,-15599
-16028,-15627
-15996,-15595
-16009,-15639
-16013,-15622
-16035,-15660
-16020,-15634
-16010,-15666
-16030,-15646
-16049,-15680
-16042,-15647
-16051,-15675
-16036,-15653
-16034,-15683
-16053,-15676
-16061,-15701
-16040,-15681
-16067,-15702
-16050,-15668
-16045,-15717
-16057,-15693
-16068,-15725
-16066,-15691
-16082,-15714
-16051,-15682
-16058,-15726
-16063,-15712
-16082,-15741
-16060,-15705
-16038,-15717
-16057,-15665
-16034,-15619
-16006,-15565
-16002,-15535
-15965,-15470
-15955,-15480
-15957,-15459
-15964,-15487
-15949,-15448
-15942,-15483
-15968,-15484
-15974,-15524
-15970,-15502
-16005,-15525
-15969,-15513
-15994,-15551
-15996,-15535
-16022,-15565
-16003,-15539
-16007,-15567
-16028,-15570
-16041,-15602
-16023,-15567
-16048,-15582
-16018,-15544
-16003,-15580
-16019,-15565
-16020,-15594
-16009,-15558
-15996,-15553
-16009,-15573
-16008,-15592
-16014,-15573
-16042,-15602
-16015,-15568
-16007,-15595
-16026,-15589
-16050,-15616
-16042,-15608
-16054,-15620
-16026,-15601
-16032,-15640
-16044,-15631
-16066,-15659
-16046,-15627
-16073,-15658
-16048,-15634
-16031,-15659
-16050,-15669
-16059,-15676
-16061,-15657
-16076,-15681
-16051,-15649
-16046,-15689
-16057,-15667
-16073,-15697
-16063,-15678
-16053,-15679
-16066,-15675
-16062,-15676
-16041,-15611
-16046,-15577
-15985,-15501
-15948,-15465
-15960,-15438
-15949,-15423
-15941,-15410
-15963,-15413
-15938,-15387
-15934,-15417
-15951,-15423
-15965,-15440
-15952,-15415
-15946,-15445
-15971,-15433
-15971,-15454
-15972,-15440
-15998,-15463
-15971,-15452
-15973,-15476
-15992,-15475
-16008,-15509
-15998,-15482
-16020,-15505
-15998,-15480
-15996,-15513
-16000,-15489
-16020,-15501
-15985,-15475
-15989,-15497
-15995,-15486
-16008,-15505
-16002,-15499
-16032,-15518
-15996,-15492
-15992,-15528
-16007,-15518
-16022,-15548
-16013,-15521
-16035,-15542
-16012,-15522
-16008,-15553
-16030,-15565
-16040,-15576
-16026,-15558
-16061,-15592
-16028,-15553
-16037,-15590
-16044,-15581
-16060,-15605
-16043,-15580
-16033,-15592
-16046,-15594
-16047,-15614
-16047,-15603
-16071,-15623
-16050,-15606
-16033,-15623
-16047,-15617
-16060,-15650
-16054,-15621
-16079,-15646
-16045,-15616
-16034,-15621
-16031,-15578
-16019,-15538
-15990,-15481
-15994,-15446
-15953,-15389
-15951,-15403
-15948,-15386
-15973,-15407
-15945,-15380
-15943,-15389
-15958,-15397
-15952,-15418
-15967,-15402
-15976,-15434
-15960,-15396
-15960,-15420
-15967,-15417
-15978,-15443
-15974,-15430
-16004,-15462
-15988,-15439
-15981,-15476
-15995,-15464
-16013,-15494
-16002,-15461
-16020,-15486
-15990,-15463
-15988,-15483
-16001,-15457
-16004,-15493
-15990,-15460
-15986,-15457
-15996,-15489
-15984,-15495
-15995,-15496
-16016,-15522
-16003,-15493
-15987,-15520
-16002,-15516
-16022,-15529
-16011,-15520
-16027,-15551
-16006,-15520
-15998,-15542
-16018,-15538
-16038,-15573
-16016,-15539
-16048,-15570
-16014,-15540
-16015,-15570
-16026,-15560
-16039,-15583
-16032,-15562
-16056,-15583
-16023,-15556
-16029,-15590
-16032,-15577
-16053,-15608
-16036,-15577
-16021,-15575
-16040,-15583
-16041,-15617
-16043,-15598
-16063,-15637
-16038,-15596
-16032,-15627
-16046,-15626
-16051,-15648
-16060,-15621
-16057,-15623
-16031,-15566
-16009,-15540
-15996,-15491
-15989,-15464
-15961,-15417
-15966,-15417
-15943,-15375
-15937,-15409
-15947,-15399
-15969,-15421
-15959,-15403
-15948,-15434
-15956,-15428
-15973,-15467
-15969,-15430
-15989,-15450
-15962,-15429
-15957,-15461
-15986,-15462
-15999,-15501
-15990,-15475
-16012,-15506
-15986,-15469
-15985,-15510
-15989,-15496
-16001,-15526
-15984,-15486
-15970,-15484
-15986,-15492
-16008,-15525
-15993,-15499
-16008,-15511
-15972,-15486
-15982,-15519
-15987,-15511
-16002,-15539
-15996,-15521
-15983,-15521
-16000,-15528
-15995,-15567
-16004,-15545
-16021,-15565
-15999,-15539
-15995,-15571
-16006,-15570
-16029,-15590
-16014,-15568
-16037,-15587
-16005,-15553
-16013,-15600
-16016,-15584
-16039,-15617
-16027,-15580
-16004,-15606
-16024,-15599
-16037,-15624
-16018,-15597
-16044,-15631
-16029,-15601
-16013,-15636
-16038,-15612
-16048,-15655
-16040,-15618
-16058,-15639
-16029,-15611
-16039,-15663
-16036,-15647
-16064,-15664
-16038,-15643
-16064,-15684
-16050,-15649
-16046,-15677
-16048,-15661
-16060,-15663
-16028,-15605
-16004,-15541
-15993,-15509
-15964,-15486
-15963,-15440
-15960,-15439
-15934,-15398
-15929,-15419
-15937,-15421
-15954,-15447
-15944,-15428
-15975,-15454
-15957,-15437
-15941,-15464
-15974,-15459
-15981,-15490
-15972,-15461
-16002,-15489
-15973,-15464
-15979,-15514
-15997,-15500
-16015,-15528
-15988,-15510
-16011,-15535
-15993,-15512
-15983,-15544
-16001,-15517
-16011,-15548
-15991,-15514
-15983,-15537
-15993,-15533
-15993,-15553
-15991,-15530
-16024,-15558
-15996,-15534
-15988,-15570
-15991,-15564
-16024,-15599
-16006,-15571
-16026,-15602
-16000,-15575
-16000,-15619
-16009,-15605
-16028,-15641
-16013,-15606
-16043,-15635
-16011,-15613
-16013,-15647
-16018,-15625
-16040,-15662
-16023,-15626
-16017,-15654
-16035,-15649
-16047,-15665
-16035,-15649
-16060,-15669
-16030,-15643
-16021,-15675
-16048,-15657
-16060,-15685
-16042,-15644
-16028,-15660
-16043,-15673
-16060,-15689
-16054,-15666
-16070,-15678
-16052,-15655
-16037,-15665
-16040,-15616
-16024,-15580
-16007,-15525
-15992,-15487
-15966,-15445
-15938,-15451
-15955,-15430
-15963,-15454
-15958,-15422
-15983,-15454
-15952,-15433
-15964,-15479
-15975,-15478
-16003,-15507
-15978,-15469
-15972,-15505
-15989,-15495
-16014,-15528
-15998,-15514
-16035,-15548
-16012,-15526
-16020,-15560
-16039,-15559
-16036,-15579
-16013,-15552
-16007,-15552
-16012,-15558
-16027,-15585
-16014,-15554
-16033,-15575
-16004,-15549
-16001,-15577
-16011,-15580
-16031,-15599
-16019,-15573
-16038,-15609
-16019,-15589
-16019,-15622
-16037,-15605
-16050,-15652
-16037,-15627
-16060,-15653
-16029,-15625
-16030,-15663
-16045,-15647
-16065,-15673
-16059,-15647
-16040,-15649
-16054,-15667
-16072,-15677
-16065,-15671
-16083,-15690
-16055,-15664
-16052,-15703
-16069,-15677
-16082,-15708
-16063,-15683
-16059,-15708
-16069,-15696
-16079,-15719
-16083,-15697
-16092,-15718
-16078,-15688
-16068,-15727
-16083,-15712
-16098,-15733
-16083,-15716
-16109,-15745
-16083,-15707
-16068,-15728
-16083,-15684
-16080,-15658
-16044,-15586
-16037,-15543
-15993,-15484
-15991,-15495
-15971,-15450
-15994,-15472
-15971,-15440
-15966,-15478
-15981,-15465
-15998,-15488
-15985,-15483
-16013,-15504
-15988,-15484
-15991,-15520
-16004,-15507
-16005,-15531
-16003,-15502
-16000,-15531
-16012,-15532
-16027,-15567
-16013,-15559
-16051,-15575
-16019,-15553
-16015,-15584
-16031,-15565
-16040,-15591
-16021,-15558
-16012,-15568
-16023,-15574
-16024,-15581
-16021,-15568
-16042,-15588
-16007,-15560
-16019,-15598
-16030,-15585
-16042,-15621
-16040,-15593
-16065,-15624
-16037,-15599
-16028,-15643
-16046,-15629
-16060,-15652
-16047,-15640
-16038,-15650
-16053,-15653
-16062,-15689
-16063,-15645
-16085,-15673
-16057,-15646
-16054,-15692
-16070,-15682
-16090,-15709
-16067,-15665
-16051,-15707
-16079,-15690
-16099,-15709
-16084,-15690
-16116,-15714
-16068,-15677
-16070,-15712
-16092,-15700
-16097,-15735
-16080,-15698
-16072,-15720
-16091,-15710
-16090,-15728
-16085,-15706
-16103,-15744
-16092,-15706
-16070,-15738
-16094,-15727
-16097,-15754
-16087,-15712
-16108,-15694
-16052,-15627
-16019,-15595
-16010,-15539
-15993,-15522
-15971,-15467
-15975,-15465
-15949,-15438
-15941,-15476
-15960,-15468
-15985,-15495
-15959,-15464
-15957,-15498
-15983,-15498
-15995,-15532
-15986,-15508
-16005,-15537
-15990,-15517
-15980,-15550
-15997,-15548
-16017,-15593
-15990,-15556
-15999,-15596
-16007,-15592
-16023,-15628
-16017,-15615
-16033,-15651
-16021,-15627
-16011,-15654
-16024,-15655
-16045,-15698
-16033,-15672
-16051,-15710
-16023,-15672
-16037,-15723
-16037,-15706
-16053,-15758
-16035,-15709
-16037,-15744
-16048,-15742
-16056,-15775
-16055,-15754
-16069,-15788
-16055,-15752
-16048,-15785
-16055,-15780
-16079,-15803
-16057,-15782
-16093,-15810
-16062,-15778
-16054,-15817
-16080,-15807
-16094,-15857
-16084,-15842
-16085,-15867
-16087,-15868
-16104,-15893
-16097,-15864
-16107,-15899
-16105,-15864
-16097,-15902
-16102,-15877
-16111,-15868
-16067,-15815
-16061,-15761
-16020,-15687
-15987,-15648
-15971,-15589
-15971,-15588
-15945,-15538
-15925,-15542
-15948,-15553
-15958,-15573
-15957,-15562
-15979,-15591
-15952,-15560
-15953,-15605
-15965,-15586
-15984,-15614
-15970,-15594
-15966,-15609
-15977,-15613
-15989,-15643
-15991,-15622
-16017,-15659
-15988,-15617
-15978,-15637
-15989,-15621
-15994,-15629
-15988,-15606
-16006,-15620
-15978,-15585
-15976,-15624
-15989,-15600
-15996,-15631
-15987,-15597
-16005,-15634
-15985,-15602
-15975,-15635
-15989,-15626
-16012,-15668
-15988,-15631
-15986,-15671
-15997,-15658
-16014,-15702
-16008,-15673
-16030,-15690
-16014,-15654
-16016,-15689
-16023,-15683
-16034,-15707
-16020,-15680
-16041,-15701
-16012,-15691
-16001,-15707
-16026,-15695
-16043,-15725
-16020,-15685
-16051,-15714
-16010,-15676
-16032,-15723
-16025,-15698
-16040,-15726
-16026,-15704
-16029,-15740
-16031,-15703
-16033,-15686
-16001,-15616
-15990,-15571
-15936,-15493
-15920,-15484
-15921,-15451
-15934,-15461
-15907,-15433
-15910,-15451
-15916,-15445
-15930,-15474
-15920,-15460
-15948,-15484
-15928,-15462
-15915,-15494
-15938,-15475
-15946,-15507
-15943,-15483
-15965,-15501
-15937,-15467
-15946,-15519
-15956,-15507
-15976,-15545
-15963,-15522
-15992,-15546
-15955,-15507
-15953,-15542
-15961,-15520
-15976,-15559
-15963,-15507
-15947,-15530
-15965,-15522
-15969,-15545
-15962,-15541
-15975,-15554
-15955,-15533
-15942,-15567
-15962,-15559
-15983,-15592
-15971,-15564
-15998,-15592
-15972,-15575
-15959,-15600
-15982,-15611
-15988,-15632
-15987,-15611
-16009,-15633
-15985,-15599
-15979,-15629
-15996,-15611
-16001,-15631
-15993,-15603
-15986,-15604
-15998,-15614
-15991,-15634
-16003,-15611
-16019,-15641
-16010,-15605
-16002,-15623
-16018,-15626
-16028,-15647
-16011,-15624
-16031,-15620
-15987,-15557
-15959,-15526
-15956,-15486
-15935,-15469
-15925,-15424
-15936,-15424
-15915,-15398
-15901,-15434
-15903,-15428
-15931,-15454
-15922,-15433
-15932,-15463
-15909,-15436
-15903,-15485
-15916,-15464
-15942,-15499
-15917,-15467
-15956,-15492
-15913,-15469
-15920,-15502
-15935,-15489
-15944,-15528
-15945,-15507
-15970,-15525
-15938,-15491
-15935,-15536
-15945,-15517
-15969,-15541
-15942,-15500
-15935,-15529
-15947,-15517
-15957,-15540
-15942,-15507
-15976,-15531
-15940,-15503
-15948,-15529
-15960,-15519
-15975,-15543
-15973,-15518
-15998,-15533
-15962,-15505
-15969,-15539
-15975,-15526
-15998,-15562
-15982,-15527
-15973,-15542
-15993,-15549
-15993,-15577
-15984,-15560
-16019,-15596
-15986,-15561
-15978,-15582
-15989,-15570
-16004,-15604
-15990,-15563
-16004,-15586
-15978,-15566
-15985,-15582
-15990,-15573
-16005,-15590
-15975,-15557
-15979,-15584
-15982,-15561
-16002,-15596
-15986,-15554
-16004,-15553
-15967,-15501
-15937,-15474
-15940,-15423
-15929,-15405
-15901,-15348
-15881,-15346
-15888,-15344
-15896,-15362
-15878,-15332
-15912,-15367
-15892,-15332
-15875,-15372
-15893,-15362
-15911,-15386
-15902,-15365
-15877,-15378
-15894,-15366
-15906,-15391
-15894,-15356
-15903,-15376
-15880,-15349
-15867,-15369
-15893,-15349
-15885,-15370
-15877,-15346
-15896,-15375
-15874,-15346
-15867,-15385
-15879,-15388
-15899,-15419
-15893,-15394
-15910,-15424
-15882,-15396
-15897,-15428
-15893,-15419
-15907,-15457
-15896,-15421
-15890,-15423
-15898,-15446
-15894,-15454
-15901,-15445
-15930,-15477
-15910,-15431
-15895,-15455
-15903,-15450
-15919,-15459
-15907,-15443
-15930,-15470
-15903,-15419
-15895,-15447
-15913,-15439
-15920,-15469
-15907,-15446
-15944,-15467
-15896,-15450
-15911,-15476
-15916,-15471
-15929,-15487
-15927,-15462
-15940,-15498
-15913,-15468
-15921,-15510
-15924,-15503
-15948,-15543
-15931,-15521
-15919,-15551
-15942,-15547
-15953,-15574
-15941,-15520
-15942,-15499
-15904,-15439
-15871,-15426
-15872,-15402
-15871,-15390
-15844,-15331
-15829,-15350
-15837,-15328
-15844,-15356
-15840,-15339
-15871,-15346
-15843,-15334
-15840,-15358
-15850,-15344
-15868,-15369
-15853,-15327
-15878,-15350
-15847,-15317
-15851,-15359
-15871,-15348
-15886,-15377
-15872,-15350
-15856,-15375
-15861,-15361
-15858,-15377
-15860,-15359
-15877,-15380
-15864,-15345
-15851,-15355
-15859,-15351
-15869,-15369
-15858,-15352
-15889,-15363
-15865,-15354
-15847,-15381
-15874,-15391
-15894,-15427
-15875,-15410
-15911,-15440
-15877,-15411
-15881,-15440
-15886,-15420
-15907,-15443
-15883,-15400
-15873,-15424
-15885,-15420
-15903,-15445
-15889,-15426
-15914,-15445
-15891,-15415
-15889,-15462
-15909,-15442
-15913,-15455
-15901,-15425
-15891,-15428
-15897,-15436
-15904,-15449
-15905,-15434
-15924,-15456
-15892,-15430
-15886,-15463
-15913,-15456
-15924,-15504
-15907,-15475
-15910,-15509
-15919,-15505
-15925,-15527
-15923,-15507
-15931,-15512
-15905,-15447
-15870,-15427
-15873,-15394
-15862,-15376
-15837,-15332
-15847,-15331
-15834,-15306
-15814,-15327
-15833,-15319
-15846,-15348
-15831,-15311
-15867,-15328
-15835,-15300
-15828,-15323
-15846,-15304
-15864,-15326
-15848,-15298
-15883,-15335
-15854,-15300
-15856,-15337
-15864,-15327
-15883,-15360
-15865,-15334
-15899,-15358
-15860,-15325
-15865,-15378
-15876,-15354
-15892,-15394
-15865,-15375
-15869,-15387
-15877,-15403
-15893,-15429
-15888,-15416
-15900,-15444
-15886,-15422
-15891,-15467
-15905,-15466
-15915,-15506
-15904,-15478
-15941,-15514
-15909,-15479
-15904,-15532
-15921,-15521
-15936,-15562
-15938,-15539
-15954,-15563
-15929,-15550
-15926,-15587
-15941,-15564
-15959,-15620
-15944,-15577
-15933,-15599
-15951,-15599
-15955,-15625
-15962,-15615
-15983,-15634
-15955,-15615
-15946,-15642
-15958,-15632
-15975,-15651
-15968,-15641
-15982,-15648
-15965,-15627
-15959,-15653
-15964,-15629
-15972,-15631
-15947,-15574
-15961,-15545
-15919,-15484
-15892,-15485
-15896,-15448
-15912,-15452
-15884,-15423
-15875,-15445
-15890,-15437
-15900,-15468
-15893,-15443
-15917,-15468
-15895,-15445
-15897,-15471
-15909,-15470
-15909,-15508
-15897,-15465
-15901,-15486
-15913,-15486
-15919,-15518
-15918,-15501
-15935,-15513
-15917,-15487
-15897,-15528
-15911,-15515
-15926,-15546
-15911,-15506
-15896,-15536
-15917,-15536
-15931,-15566
-15929,-15544
-15943,-15559
-15924,-15546
-15916,-15578
-15940,-15566
-15945,-15593
-15937,-15562
-15956,-15591
-15931,-15561
-15947,-15589
-15938,-15575
-15954,-15593
-15931,-15555
-15927,-15571
-15942,-15553
-15946,-15562
-15931,-15533
-15946,-15552
-15916,-15515
-15919,-15556
-15934,-15545
-15938,-15562
-15934,-15536
-15923,-15571
-15940,-15561
-15950,-15576
-15944,-15545
-15961,-15581
-15939,-15541
-15930,-15550
-15935,-15515
-15931,-15506
-15897,-15452
-15905,-15418
-15870,-15366
-15852,-15374
-15852,-15345
-15859,-15362
-15852,-15331
-15866,-15354
-15841,-15324
-15848,-15357
-15850,-15345
-15873,-15366
-15845,-15316
-15827,-15316
-15841,-15311
-15839,-15330
-15839,-15302
-15859,-15311
-15838,-15293
-15824,-15319
-15837,-15319
-15862,-15340
-15846,-15321
-15861,-15340
-15841,-15313
-15836,-15368
-15851,-15353
-15870,-15366
-15838,-15337
-15872,-15344
-15834,-15311
-15823,-15349
-15842,-15331
-15855,-15363
-15845,-15338
-15845,-15348
-15847,-15348
-15864,-15375
-15851,-15357
-15880,-15413
-15871,-15383
-15851,-15413
-15881,-15418
-15885,-15432
-15878,-15427
-15898,-15438
-15878,-15412
-15872,-15444
-15883,-15431
-15894,-15453
-15885,-15430
-15881,-15473
-15895,-15473
-15918,-15497
-15900,-15464
-15919,-15498
-15900,-15443
-15891,-15467
-15890,-15447
-15890,-15421
-15861,-15385
-15866,-15357
-15838,-15306
-15816,-15341
-15830,-15309
-15836,-15344
-15827,-15313
-15818,-15335
-15844,-15334
-15849,-15346
-15842,-15314
-15865,-15332
-15828,-15301
-15840,-15320
-15844,-15318
-15862,-15358
-15844,-15324
-15875,-15367
-15850,-15335
-15854,-15382
-15857,-15371
-15887,-15399
-15865,-15364
-15884,-15405
-15860,-15372
-15869,-15424
-15882,-15418
-15896,-15456
-15875,-15429
-15878,-15452
-15890,-15451
-15896,-15464
-15885,-15427
-15907,-15444
-15883,-15413
-15861,-15431
-15890,-15430
-15901,-15460
-15900,-15433
-15915,-15452
-15888,-15432
-15893,-15472
-15897,-15452
-15914,-15479
-15895,-15444
-15884,-15465
-15909,-15462
-15917,-15488
-15904,-15474
-15928,-15501
-15906,-15471
-15908,-15521
-15912,-15511
-15937,-15556
-15922,-15528
-15953,-15544
-15916,-15518
-15916,-15527
-15918,-15480
-15920,-15469
-15877,-15400
-15856,-15397
-15853,-15363
-15866,-15376
-15841,-15339
-15860,-15359
-15848,-15329
-15845,-15380
-15853,-15368
-15881,-15397
-15851,-15379
-15852,-15398
-15863,-15394
-15883,-15417
-15868,-15393
-15894,-15418
-15870,-15394
-15875,-15418
-15874,-15406
-15907,-15440
-15882,-15402
-15867,-15424
-15890,-15416
-15891,-15441
-15897,-15425
-15912,-15447
-15877,-15424
-15880,-15459
-15899,-15456
-15901,-15476
-15906,-15452
-15923,-15490
-15898,-15459
-15903,-15507
-15910,-15501
-15940,-15533
-15923,-15508
-15920,-15534
-15939,-15517
-15941,-15553
-15934,-15540
-15969,-15573
-15933,-15550
-15945,-15593
-15954,-15584
-15975,-15613
-15964,-15579
-15946,-15610
-15958,-15604
-15987,-15636
-15964,-15623
-15994,-15648
-15976,-15627
-15961,-15652
-15986,-15641
-16000,-15672
-15990,-15640
-16007,-15659
-15965,-15606
-15952,-15614
-15956,-15573
-15954,-15569
-15939,-15512
-15906,-15530
-15918,-15503
-15934,-15526
-15922,-15500
-15948,-15528
-15925,-15516
-15932,-15563
-15935,-15552
-15971,-15606
-15948,-15575
-15945,-15606
-15959,-15605
-15972,-15630
-15968,-15633
-16000,-15641
-15972,-15623
-15970,-15671
-15986,-15653
-15993,-15678
-15980,-15659
-16011,-15673
-15985,-15644
-15965,-15676
-15990,-15656
-15999,-15681
-15977,-15634
-15973,-15635
-15984,-15657
-15978,-15671
-15993,-15664
-16006,-15692
-15990,-15669
-15989,-15693
-15993,-15674
-16012,-15706
-16001,-15683
-16029,-15698
-15996,-15683
-16008,-15722
-16012,-15706
-16035,-15743
-16014,-15714
-16010,-15736
-16019,-15733
-16030,-15738
-16016,-15726
-16049,-15755
-16017,-15711
-16008,-15744
-16024,-15716
-16021,-15723
-16003,-15665
-16018,-15644
-15966,-15585
-15949,-15584
-15947,-15556
-15954,-15576
-15946,-15540
-15965,-15572
-15941,-15531
-15945,-15582
-15958,-15581
-15972,-15619
-15970,-15585
-15960,-15618
-15980,-15624
-15997,-15649
-15989,-15632
-16017,-15669
-15998,-15647
-15992,-15672
-16002,-15667
-16018,-15686
-16005,-15654
-16018,-15673
-15984,-15640
-15991,-15662
-15991,-15646
-16012,-15677
-16005,-15651
-16023,-15678
-15997,-15637
-16003,-15673
-16005,-15661
-16031,-15694
-16007,-15667
-15995,-15685
-16011,-15686
-16030,-15702
-16010,-15683
-16035,-15710
-16014,-15678
-16001,-15705
-16020,-15701
-16037,-15717
-16027,-15703
-16046,-15728
-16021,-15687
-16013,-15715
-16031,-15712
-16037,-15725
-16023,-15684
-16039,-15669
-15995,-15604
-15965,-15596
-15967,-15558
-15965,-15556
-15943,-15508
-15966,-15531
-15941,-15504
-15948,-15530
-15953,-15523
-15973,-15552
-15957,-15522
-15944,-15544
-15971,-15544
-15947,-15567
-15976,-15550
-15986,-15584
-15975,-15556
-15968,-15573
-15980,-15579
-15997,-15609
-15993,-15570
