Red Value, IR Value
-17866,-16710
-17848,-16696
-17852,-16711
-17825,-16677
-17827,-16732
-17842,-16708
-17876,-16756
-17871,-16730
-17889,-16757
-17866,-16729
-17867,-16768
-17865,-16751
-17898,-16783
-17871,-16761
-17874,-16805
-17895,-16786
-17885,-16791
-17863,-16759
-17840,-16751
-17845,-16750
-17856,-16775
-17845,-16735
-17872,-16758
-17844,-16724
-17822,-16752
-17828,-16747
-17842,-16782
-17827,-16752
-17808,-16773
-17823,-16777
-17846,-16800
-17848,-16789
-17866,-16813
-17843,-16797
-17824,-16821
-17824,-16804
-17851,-16831
-17833,-16808
-17844,-16822
-17865,-16844
-17884,-16869
-17883,-16864
-17913,-16882
-17888,-16856
-17886,-16881
-17899,-16876
-17912,-16901
-17900,-16880
-17911,-16890
-17884,-16866
-17872,-16878
-17883,-16833
-17889,-16824
-17857,-16747
-17831,-16715
-17828,-16674
-17825,-16648
-17798,-16603
-17811,-16607
-17774,-16563
-17765,-16600
-17776,-16575
-17794,-16601
-17779,-16591
-17814,-16607
-17784,-16585
-17765,-16613
-17773,-16590
-17789,-16636
-17773,-16602
-17780,-16634
-17804,-16636
-17822,-16666
-17833,-16664
-17853,-16677
-17847,-16653
-17837,-16702
-17857,-16681
-17884,-16708
-17872,-16680
-17904,-16698
-17876,-16675
-17863,-16706
-17885,-16684
-17894,-16714
-17883,-16681
-17873,-16708
-17872,-16700
-17883,-16715
-17857,-16704
-17876,-16732
-17845,-16693
-17837,-16738
-17848,-16727
-17866,-16761
-17853,-16744
-17878,-16767
-17850,-16747
-17834,-16780
-17857,-16758
-17877,-16797
-17869,-16769
-17858,-16799
-17867,-16800
-17882,-16819
-17883,-16814
-17882,-16849
-17894,-16813
-17884,-16853
-17906,-16846
-17937,-16874
-17911,-16846
-17955,-16877
-17939,-16860
-17925,-16896
-17952,-16875
-17969,-16910
-17947,-16867
-17954,-16848
-17934,-16814
-17921,-16761
-17882,-16702
-17850,-16654
-17814,-16591
-17786,-16604
-17795,-16566
-17811,-16578
-17771,-16544
-17807,-16560
-17755,-16535
-17747,-16559
-17778,-16540
-17787,-16580
-17763,-16549
-17775,-16575
-17783,-16573
-17784,-16581
-17784,-16576
-17791,-16607
-17791,-16578
-17783,-16633
-17809,-16625
-17839,-16648
-17813,-16624
-17824,-16636
-17791,-16613
-17786,-16642
-17821,-16619
-17850,-16660
-17844,-16632
-17847,-16650
-17840,-16654
-17849,-16653
-17840,-16641
-17843,-16674
-17825,-16630
-17807,-16666
-17821,-16658
-17832,-16676
-17809,-16661
-17826,-16674
-17792,-16649
-17776,-16687
-17802,-16670
-17814,-16702
-17801,-16681
-17802,-16714
-17809,-16712
-17828,-16736
-17813,-16718
-17833,-16764
-17839,-16727
-17837,-16770
-17852,-16764
-17883,-16783
-17866,-16776
-17892,-16796
-17870,-16773
-17863,-16803
-17880,-16786
-17903,-16835
-17887,-16792
-17908,-16818
-17871,-16781
-17851,-16816
-17858,-16806
-17866,-16845
-17855,-16808
-17858,-16839
-17866,-16827
-17884,-16811
-17839,-16767
-17840,-16699
-17792,-16642
-17765,-16607
-17768,-16577
-17771,-16571
-17745,-16522
-17742,-16512
-17745,-16507
-17718,-16511
-17725,-16499
-17742,-16539
-17734,-16508
-17730,-16540
-17758,-16543
-17763,-16563
-17761,-16548
-17778,-16562
-17760,-16547
-17772,-16593
-17791,-16574
-17821,-16609
-17799,-16585
-17795,-16600
-17799,-16592
-17808,-16608
-17787,-16598
-17820,-16630
-17802,-16581
-17783,-16607
-17806,-16593
-17804,-16601
-17788,-16580
-17791,-16600
-17760,-16579
-17774,-16609
-17789,-16597
-17797,-16620
-17772,-16598
-17797,-16631
-17759,-16596
-17747,-16642
-17758,-16632
-17786,-16677
-17770,-16653
-17773,-16690
-17790,-16687
-17808,-16706
-17806,-16688
-17820,-16727
-17799,-16693
-17809,-16734
-17820,-16722
-17844,-16759
-17820,-16726
-17847,-16758
-17818,-16725
-17809,-16768
-17818,-16761
-17855,-16794
-17839,-16772
-17835,-16797
-17852,-16792
-17855,-16810
-17837,-16786
-17812,-16801
-17825,-16788
-17839,-16825
-17836,-16800
-17855,-16812
-17829,-16772
-17815,-16748
-17804,-16710
-17780,-16667
-17752,-16600
-17730,-16580
-17748,-16550
-17717,-16556
-17724,-16524
-17729,-16524
-17705,-16488
-17715,-16513
-17681,-16481
-17703,-16542
-17724,-16525
-17741,-16552
-17727,-16532
-17726,-16550
-17737,-16546
-17731,-16574
-17725,-16557
-17771,-16599
-17742,-16573
-17731,-16609
-17747,-16593
-17758,-16620
-17722,-16577
-17698,-16593
-17718,-16580
-17735,-16602
-17727,-16570
-17751,-16602
-17734,-16575
-17731,-16591
-17746,-16576
-17752,-16609
-17733,-16582
-17723,-16587
-17742,-16601
-17745,-16622
-17756,-16611
-17762,-16635
-17729,-16609
-17689,-16629
-17724,-16627
-17751,-16667
-17749,-16644
-17779,-16676
-17764,-16645
-17761,-16685
-17777,-16683
-17802,-16715
-17786,-16693
-17795,-16720
-17821,-16708
-17849,-16755
-17838,-16724
-17842,-16740
-17845,-16739
-17823,-16730
-17819,-16712
-17830,-16747
-17823,-16707
-17802,-16721
-17828,-16681
-17837,-16666
-17800,-16608
-17809,-16563
-17767,-16510
-17753,-16501
-17753,-16464
-17765,-16485
-17741,-16442
-17781,-16454
-17734,-16419
-17728,-16447
-17726,-16441
-17737,-16474
-17726,-16447
-17721,-16471
-17752,-16469
-17773,-16505
-17765,-16485
-17794,-16503
-17765,-16507
-17760,-16542
-17793,-16533
-17805,-16576
-17807,-16537
-17823,-16560
-17783,-16521
-17770,-16543
-17770,-16528
-17769,-16545
-17757,-16509
-17780,-16529
-17759,-16496
-17762,-16550
-17780,-16535
-17804,-16559
-17786,-16541
-17783,-16581
-17798,-16572
-17804,-16617
-17805,-16577
-17823,-16613
-17795,-16582
-17791,-16616
-17796,-16615
-17801,-16649
-17790,-16609
-17778,-16655
-17801,-16627
-17817,-16666
-17811,-16651
-17847,-16667
-17829,-16670
-17828,-16701
-17841,-16684
-17864,-16726
-17853,-16679
-17846,-16728
-17856,-16715
-17889,-16743
-17873,-16724
-17848,-16740
-17859,-16715
-17839,-16747
-17833,-16713
-17855,-16751
-17836,-16724
-17841,-16725
-17862,-16730
-17852,-16698
-17831,-16639
-17834,-16605
-17793,-16516
-17757,-16508
-17761,-16473
-17778,-16469
-17758,-16443
-17760,-16446
-17733,-16404
-17715,-16446
-17731,-16411
-17732,-16458
-17731,-16430
-17735,-16440
-17749,-16466
-17760,-16490
-17747,-16465
-17789,-16499
-17761,-16460
-17749,-16510
-17763,-16500
-17793,-16538
-17770,-16519
-17759,-16523
-17761,-16514
-17762,-16536
-17749,-16481
-17760,-16514
-17713,-16458
-17726,-16496
-17726,-16493
-17758,-16517
-17724,-16486
-17722,-16519
-17752,-16502
-17757,-16543
-17751,-16526
-17789,-16555
-17762,-16535
-17771,-16576
-17769,-16554
-17784,-16598
-17763,-16545
-17763,-16581
-17735,-16541
-17736,-16590
-17752,-16601
-17791,-16633
-17771,-16601
-17779,-16639
-17804,-16627
-17805,-16656
-17810,-16633
-17839,-16667
-17812,-16652
-17820,-16689
-17826,-16672
-17855,-16704
-17831,-16652
-17792,-16670
-17808,-16665
-17813,-16676
-17790,-16668
-17813,-16688
-17791,-16666
-17786,-16704
-17806,-16689
-17817,-16706
-17804,-16660
-17780,-16619
-17787,-16588
-17767,-16550
-17735,-16488
-17745,-16451
-17715,-16397
-17685,-16390
-17693,-16369
-17688,-16373
-17663,-16342
-17688,-16366
-17658,-16345
-17667,-16394
-17683,-16375
-17692,-16411
-17683,-16388
-17682,-16409
-17693,-16414
-17702,-16445
-17693,-16427
-17712,-16458
-17701,-16431
-17681,-16460
-17690,-16454
-17693,-16459
-17667,-16433
-17675,-16454
-17650,-16411
-17640,-16451
-17664,-16428
-17680,-16457
-17650,-16430
-17655,-16439
-17663,-16460
-17664,-16485
-17660,-16459
-17688,-16495
-17664,-16452
-17667,-16516
-17679,-16502
-17689,-16513
-17657,-16498
-17643,-16526
-17653,-16509
-17677,-16547
-17673,-16533
-17693,-16556
-17685,-16535
-17686,-16578
-17702,-16570
-17722,-16605
-17714,-16572
-17716,-16604
-17727,-16589
-17741,-16623
-17728,-16593
-17750,-16615
-17699,-16584
-17702,-16606
-17693,-16588
-17697,-16622
-17665,-16581
-17657,-16594
-17664,-16598
-17696,-16630
-17676,-16591
-17689,-16587
-17656,-16510
-17614,-16477
-17620,-16433
-17607,-16413
-17593,-16358
-17608,-16353
-17565,-16312
-17561,-16327
-17563,-16310
-17563,-16344
-17552,-16308
-17542,-16311
-17558,-16333
-17563,-16363
-17575,-16349
-17608,-16369
-17584,-16348
-17569,-16384
-17595,-16389
-17612,-16413
-17606,-16398
-17634,-16428
-17601,-16391
-17602,-16430
-17604,-16411
-17607,-16439
-17574,-16395
-17569,-16402
-17579,-16410
-17600,-16431
-17592,-16401
-17615,-16426
-17592,-16392
-17587,-16429
-17601,-16436
-17620,-16465
-17597,-16438
-17598,-16477
-17611,-16467
-17625,-16498
-17618,-16473
-17628,-16515
-17599,-16480
-17602,-16496
-17605,-16503
-17641,-16552
-17618,-16522
-17666,-16544
-17660,-16522
-17663,-16570
-17682,-16562
-17712,-16598
-17687,-16562
-17674,-16587
-17684,-16580
-17701,-16595
-17692,-16567
-17704,-16568
-17657,-16509
-17636,-16488
-17624,-16432
-17634,-16416
-17595,-16347
-17584,-16342
-17603,-16317
-17600,-16323
-17588,-16299
-17626,-16316
-17596,-16294
-17603,-16337
-17620,-16335
-17643,-16360
-17636,-16328
-17656,-16366
-17615,-16332
-17611,-16356
-17602,-16352
-17628,-16401
-17609,-16364
-17616,-16394
-17645,-16397
-17644,-16420
-17653,-16392
-17679,-16400
-17638,-16372
-17636,-16397
-17638,-16385
-17643,-16413
-17648,-16379
-17620,-16379
-17640,-16377
-17629,-16404
-17616,-16368
-17642,-16414
-17609,-16393
-17629,-16432
-17642,-16421
-17667,-16448
-17655,-16424
-17647,-16446
-17661,-16449
-17674,-16494
-17666,-16466
-17694,-16493
-17683,-16478
-17660,-16495
-17680,-16504
-17675,-16508
-17645,-16475
-17669,-16521
-17618,-16489
-17630,-16524
-17655,-16518
-17669,-16569
-17665,-16533
-17658,-16538
-17662,-16522
-17665,-16499
-17628,-16442
-17625,-16401
-17592,-16333
-17556,-16320
-17566,-16280
-17569,-16280
-17529,-16229
-17551,-16242
-17517,-16218
-17539,-16264
-17550,-16245
-17583,-16268
-17558,-16240
-17573,-16283
-17569,-16270
-17591,-16290
-17570,-16277
-17552,-16296
-17585,-16301
-17600,-16333
-17592,-16313
-17602,-16337
-17578,-16304
-17567,-16324
-17570,-16325
-17575,-16353
-17580,-16315
-17612,-16346
-17589,-16314
-17582,-16347
-17588,-16334
-17610,-16350
-17598,-16332
-17584,-16357
-17614,-16354
-17642,-16399
-17627,-16379
-17658,-16403
-17621,-16366
-17613,-16397
-17618,-16388
-17613,-16426
-17613,-16392
-17603,-16425
-17634,-16417
-17643,-16462
-17630,-16434
-17679,-16465
-17640,-16438
-17623,-16484
-17649,-16473
-17666,-16508
-17649,-16485
-17667,-16511
-17635,-16470
-17634,-16512
-17633,-16497
-17635,-16530
-17614,-16495
-17600,-16520
-17623,-16516
-17635,-16546
-17627,-16531
-17664,-16548
-17630,-16527
-17641,-16555
-17647,-16524
-17664,-16504
-17630,-16427
-17593,-16386
-17583,-16330
-17565,-16297
-17552,-16249
-17541,-16255
-17523,-16213
-17523,-16236
-17539,-16231
-17581,-16264
-17557,-16245
-17605,-16268
-17576,-16235
-17564,-16292
-17581,-16275
-17601,-16294
-17571,-16255
-17563,-16302
-17561,-16289
-17588,-16318
-17565,-16291
-17536,-16293
-17540,-16299
-17544,-16314
-17523,-16299
-17558,-16320
-17534,-16277
-17534,-16315
-17543,-16293
-17557,-16335
-17557,-16315
-17592,-16335
-17560,-16315
-17568,-16350
-17567,-16342
-17613,-16384
-17582,-16341
-17581,-16377
-17580,-16375
-17597,-16393
-17579,-16369
-17592,-16406
-17566,-16379
-17588,-16426
-17594,-16417
-17624,-16454
-17609,-16426
-17619,-16465
-17637,-16454
-17641,-16492
-17632,-16462
-17659,-16489
-17623,-16461
-17608,-16492
-17617,-16490
-17617,-16496
-17596,-16477
-17595,-16505
-17544,-16454
-17534,-16498
-17530,-16480
-17546,-16524
-17533,-16501
-17578,-16540
-17565,-16510
-17560,-16564
-17584,-16555
-17630,-16595
-17608,-16566
-17619,-16596
-17640,-16577
-17655,-16559
-17639,-16497
-17622,-16446
-17579,-16365
-17554,-16340
-17542,-16294
-17554,-16302
-17543,-16256
-17546,-16270
-17568,-16270
-17561,-16296
-17549,-16266
-17567,-16282
-17536,-16257
-17513,-16298
-17525,-16291
-17540,-16314
-17513,-16297
-17538,-16317
-17491,-16273
-17485,-16318
-17500,-16319
-17511,-16355
-17501,-16335
-17499,-16360
-17520,-16351
-17535,-16378
-17523,-16351
-17552,-16360
-17522,-16337
-17508,-16362
-17517,-16347
-17535,-16369
-17518,-16348
-17501,-16373
-17508,-16355
-17525,-16390
-17515,-16366
-17537,-16414
-17523,-16387
-17536,-16427
-17555,-16424
-17584,-16460
-17571,-16434
-17558,-16457
-17574,-16457
-17581,-16493
-17574,-16472
-17590,-16503
-17574,-16484
-17555,-16516
-17563,-16500
-17579,-16522
-17560,-16495
-17556,-16521
-17538,-16501
-17542,-16541
-17561,-16528
-17581,-16560
-17557,-16529
-17560,-16559
-17571,-16553
-17573,-16543
-17563,-16484
-17571,-16455
-17529,-16387
-17501,-16362
-17494,-16312
-17502,-16293
-17472,-16254
-17483,-16261
-17449,-16226
-17455,-16272
-17480,-16257
-17500,-16297
-17491,-16265
-17496,-16307
-17516,-16300
-17524,-16327
-17516,-16316
-17545,-16349
-17522,-16324
-17513,-16376
-17526,-16356
-17545,-16390
-17510,-16355
-17500,-16360
-17504,-16359
-17521,-16378
-17512,-16350
-17543,-16366
-17512,-16333
-17522,-16368
-17532,-16352
-17531,-16385
-17528,-16351
-17550,-16376
-17520,-16346
-17528,-16396
-17539,-16384
-17561,-16414
-17541,-16387
-17514,-16402
-17521,-16404
-17537,-16425
-17531,-16416
-17554,-16453
-17544,-16427
-17557,-16472
-17569,-16467
-17584,-16503
-17577,-16472
-17571,-16495
-17589,-16500
-17610,-16528
-17597,-16505
-17636,-16533
-17595,-16512
-17589,-16528
-17583,-16515
-17600,-16567
-17578,-16519
-17571,-16534
-17580,-16492
-17576,-16457
-17553,-16394
-17539,-16350
-17492,-16282
-17476,-16269
-17482,-16226
-17487,-16240
-17468,-16196
-17483,-16211
-17457,-16190
-17459,-16223
-17451,-16215
-17476,-16249
-17448,-16206
-17447,-16244
-17466,-16245
-17487,-16268
-17488,-16260
-17499,-16276
-17483,-16262
-17473,-16306
-17495,-16291
-17512,-16331
-17507,-16311
-17536,-16336
-17500,-16310
-17489,-16335
-17506,-16320
-17513,-16338
-17485,-16292
-17465,-16312
-17481,-16305
-17509,-16327
-17499,-16322
-17513,-16340
-17489,-16319
-17491,-16349
-17499,-16343
-17516,-16394
-17507,-16363
-17537,-16378
-17494,-16375
-17511,-16408
-17506,-16401
-17513,-16427
-17493,-16401
-17474,-16418
-17481,-16430
-17506,-16455
-17508,-16459
-17541,-16479
-17517,-16456
-17522,-16491
-17542,-16477
-17561,-16519
-17550,-16491
-17583,-16507
-17549,-16502
-17557,-16526
-17559,-16517
-17575,-16541
-17552,-16490
-17572,-16537
-17531,-16495
-17548,-16538
-17557,-16526
-17578,-16558
-17553,-16505
-17506,-16465
-17502,-16407
-17474,-16355
-17432,-16284
-17430,-16247
-17383,-16194
-17370,-16198
-17388,-16172
-17381,-16186
-17381,-16157
-17410,-16193
-17387,-16168
-17403,-16203
-17403,-16201
-17419,-16242
-17411,-16209
-17430,-16238
-17390,-16203
-17388,-16261
-17367,-16233
-17397,-16271
-17343,-16254
-17326,-16311
-17328,-16312
-17315,-16342
-17307,-16310
-17307,-16365
-17285,-16347
-17301,-16397
-17317,-16404
-17360,-16449
-17355,-16432
-17351,-16474
-17380,-16462
-17367,-16491
-17317,-16441
-17263,-16444
-17171,-16412
-17106,-16450
-17093,-16454
-17060,-16485
-17014,-16461
-16999,-16514
-16936,-16485
-16927,-16566
-16929,-16576
-16964,-16655
-16955,-16634
-16941,-16681
-16979,-16691
-16985,-16745
-16989,-16727
-17036,-16772
-17007,-16756
-17012,-16789
-17026,-16787
-17060,-16823
-17055,-16784
-17054,-16799
-17083,-16781
-17141,-16792
-17201,-16791
-17397,-16809
-17464,-16744
-17602,-16763
-17768,-16771
-17978,-16824
-18092,-16815
-18276,-16822
-18306,-16735
-18319,-16678
-18332,-16596
-18326,-16523
-18287,-16459
-18252,-16433
-18222,-16374
-18143,-16311
-18071,-16245
-17996,-16216
-17925,-16156
-17848,-16133
-17811,-16098
-17779,-16111
-17734,-16087
-17725,-16112
-17709,-16093
-17695,-16124
-17698,-16101
-17667,-16133
-17703,-16124
-17736,-16175
-17778,-16205
-17985,-16367
-18135,-16474
-18424,-16650
-18559,-16671
-18678,-16738
-18679,-16702
-18665,-16699
-18652,-16663
-18626,-16635
-18587,-16589
-18604,-16609
-18591,-16593
-18614,-16636
-18703,-16705
-18972,-16898
-19126,-16850
-19306,-16981
-19494,-17125
-19824,-17289
-19945,-17322
-20056,-17447
-19984,-17467
-20035,-17510
-20023,-17467
-20027,-17537
-20013,-17507
-20054,-17660
-20034,-17699
-19911,-17748
-19773,-17675
-19310,-17446
-18641,-17010
-17147,-16030
-15778,-15145
-13532,-13240
-11777,-11491
-8978,-8712
-7238,-6927
-4891,-4691
-3633,-3556
-2304,-2378
-1653,-1768
-997,-1176
-711,-859
-463,-594
-354,-444
-271,-341
-266,-293
-274,-285
-263,-249
-276,-265
-245,-223
-242,-256
-259,-236
-275,-268
-248,-224
-239,-247
-260,-239
-266,-255
-262,-231
-285,-254
-254,-221
-247,-252
-258,-242
-268,-260
-253,-237
-248,-251
-257,-240
-273,-261
-253,-235
-278,-249
-252,-229
-243,-248
-250,-239
-265,-260
-253,-237
-282,-246
-246,-226
-243,-255
-258,-236
-277,-258
-254,-232
-245,-239
-258,-241
-261,-248
-259,-229
-269,-262
-251,-230
-236,-244
-261,-243
-262,-267
-254,-238
-283,-253
-253,-228
-248,-246
-253,-246
-274,-259
-258,-234
-244,-253
-261,-244
-259,-252
-260,-236
-277,-247
-257,-232
-255,-252
-264,-231
-277,-261
-257,-232
-248,-254
-252,-243
-269,-266
-258,-235
-279,-250
-253,-227
-252,-248
-254,-242
-268,-258
-255,-237
-243,-228
-267,-241
-262,-261
-261,-234
-282,-251
-251,-230
-240,-253
-260,-238
-270,-259
-256,-228
-249,-247
-257,-243
-269,-272
-254,-231
-283,-252
-249,-220
-246,-249
-250,-235
-277,-261
-253,-228
-247,-250
-258,-237
-263,-250
-264,-232
-272,-244
-253,-226
-247,-254
-254,-238
-273,-266
-256,-233
-280,-255
-254,-231
-245,-250
-256,-236
-274,-259
-258,-233
-249,-249
-258,-235
-270,-267
-260,-234
-286,-254
-249,-222
-245,-250
-261,-239
-275,-262
-254,-230
-285,-247
-250,-227
-246,-263
-262,-239
-271,-256
-259,-235
-246,-254
-258,-237
-270,-255
-256,-237
-279,-251
-257,-228
-254,-246
-261,-241
-268,-258
-251,-233
-279,-258
-253,-223
-253,-249
-252,-236
-277,-254
-253,-235
-242,-239
-264,-238
-268,-261
-262,-233
-279,-252
-261,-231
-246,-247
-259,-238
-263,-263
-262,-232
-285,-254
-254,-220
-241,-261
-256,-234
-270,-254
-259,-235
-277,-260
-251,-218
-247,-247
-258,-239
-272,-260
-258,-227
-245,-252
-262,-244
-274,-268
-255,-238
-282,-251
-252,-219
-246,-249
-253,-233
-269,-259
-258,-232
-284,-259
-252,-224
-243,-252
-261,-233
-277,-269
-255,-228
-239,-251
-259,-237
-264,-259
-257,-240
-285,-255
-251,-227
-257,-256
-252,-239
-282,-257
-255,-227
-243,-238
-259,-243
-268,-264
-258,-240
-276,-257
-251,-229
-254,-251
-258,-236
-266,-257
-259,-229
-250,-245
-265,-241
-269,-258
-267,-240
-279,-248
-248,-223
-256,-249
-260,-234
-273,-265
-261,-235
-277,-252
-256,-221
-251,-250
-256,-237
-272,-263
-264,-225
-240,-242
-265,-239
-274,-259
-261,-234
-281,-253
-253,-231
-245,-251
-259,-238
-270,-262
-257,-239
-284,-261
-262,-228
-246,-254
-256,-236
-272,-270
-253,-228
-240,-245
-265,-239
-269,-258
-259,-229
-275,-247
-257,-224
-251,-251
-263,-245
-276,-263
-255,-241
-287,-253
-258,-226
-256,-254
-269,-238
-265,-266
-261,-233
-245,-246
-255,-244
-277,-262
-255,-234
-286,-256
-250,-221
-255,-261
-260,-234
-281,-264
-259,-235
-244,-251
-254,-240
-268,-259
-260,-232
-279,-254
-245,-232
-248,-251
-262,-247
-279,-270
-253,-230
-243,-227
-263,-241
-276,-262
-259,-235
-283,-258
-255,-226
-251,-251
-259,-243
-269,-253
-259,-245
-279,-261
-257,-222
-254,-252
-262,-233
-277,-262
-263,-229
-284,-254
-254,-222
-246,-256
-261,-229
-281,-264
-259,-233
-255,-242
-264,-237
-277,-262
-265,-240
-283,-261
-255,-231
-249,-250
-263,-240
-269,-266
-258,-233
-284,-253
-259,-223
-256,-262
-257,-241
-280,-265
-258,-239
-248,-243
-258,-238
-267,-263
-265,-236
-284,-269
-249,-234
-253,-242
-250,-243
-272,-264
-257,-233
-278,-256
-258,-230
-253,-259
-268,-237
-277,-268
-264,-231
-247,-245
-263,-241
-267,-254
-264,-232
-272,-271
-256,-228
-247,-254
-265,-244
-272,-269
-262,-235
-290,-254
-259,-229
-252,-248
-261,-244
-277,-263
-262,-244
-292,-256
-262,-219
-262,-252
-265,-236
-273,-275
-260,-227
-252,-252
-264,-237
-271,-255
-268,-237
-279,-248
-264,-232
-252,-255
-262,-235
-283,-263
-257,-232
-287,-252
-256,-218
-249,-260
-260,-233
-277,-270
-262,-230
-252,-246
-262,-236
-267,-254
-268,-238
-283,-255
-258,-234
-243,-244
-262,-250
-276,-264
-260,-236
-286,-250
-257,-227
-257,-254
-262,-227
-277,-263
-256,-235
-246,-228
-260,-242
-271,-255
-257,-235
-275,-246
-263,-230
-244,-251
-264,-240
-274,-263
-258,-236
-284,-256
-260,-227
-246,-249
-260,-241
-272,-268
-265,-232
-260,-234
-259,-232
-261,-263
-265,-248
-279,-255
-264,-227
-250,-252
-259,-244
-277,-260
-261,-232
-286,-252
-262,-221
-250,-245
-255,-244
-272,-270
-263,-230
-251,-238
-260,-238
-270,-258
-264,-233
-280,-257
-260,-225
-252,-254
-265,-239
-263,-256
-265,-235
-286,-247
-257,-225
-245,-250
-263,-244
-272,-266
-258,-230
-286,-259
-262,-227
-250,-253
-265,-242
-279,-259
-259,-230
-252,-253
-266,-247
-269,-263
-259,-239
-279,-247
-263,-234
-247,-254
-257,-242
-277,-273
-261,-230
-292,-255
-257,-226
-253,-265
-260,-238
-278,-263
-261,-231
-251,-247
-261,-241
-283,-255
-262,-240
-282,-250
-261,-222
-249,-250
-264,-244
-267,-266
-267,-232
-289,-257
-260,-222
-253,-254
-257,-232
-277,-269
-259,-236
-246,-240
-267,-237
-269,-257
-262,-240
-287,-262
-257,-226
-254,-244
-262,-239
-275,-275
-259,-243
-288,-256
-264,-219
-255,-247
-265,-239
-282,-268
-258,-236
-249,-245
-265,-247
-283,-260
-267,-243
-277,-263
-263,-226
-247,-256
-268,-236
-275,-259
-260,-232
-291,-251
-257,-220
-256,-262
-266,-237
-284,-258
-263,-232
-257,-250
-265,-247
-279,-272
-258,-235
-280,-258
-253,-214
-261,-260
-260,-237
-276,-268
-249,-233
-247,-248
-269,-239
-274,-265
-264,-235
-277,-249
-256,-226
-258,-252
-268,-238
-282,-269
-257,-234
-251,-248
-269,-237
-280,-254
-268,-234
-281,-255
-260,-222
-256,-253
-261,-244
-279,-272
-259,-229
-249,-248
-269,-243
-277,-261
-261,-239
-288,-255
-256,-221
-254,-251
-266,-240
-274,-259
-257,-236
-256,-261
-270,-237
-273,-266
-267,-239
-280,-264
-261,-234
-247,-247
-263,-240
-273,-268
-264,-242
-283,-261
-260,-231
-257,-255
-264,-242
-278,-265
-260,-235
-249,-243
-263,-232
-268,-261
-268,-242
-290,-255
-253,-225
-261,-256
-257,-238
-276,-270
-264,-235
-249,-263
-267,-235
-279,-264
-259,-228
-293,-251
-260,-231
-258,-255
-273,-238
-279,-261
-262,-239
-256,-245
-267,-242
-273,-265
-267,-238
-283,-250
-255,-223
-255,-251
-266,-248
-274,-267
-257,-233
-254,-243
-257,-242
-276,-266
-265,-240
-282,-247
-262,-228
-253,-265
-261,-243
-277,-268
-260,-230
-254,-253
-264,-244
-274,-267
-256,-231
-284,-257
-259,-224
-256,-250
-258,-249
-272,-275
-260,-228
-249,-250
-257,-245
-270,-264
-266,-241
-283,-256
-261,-231
-252,-251
-263,-238
-272,-263
-262,-234
-290,-256
-258,-214
-255,-259
-263,-239
-279,-267
-258,-244
-250,-251
-264,-247
-283,-261
-268,-239
-285,-250
-263,-228
-256,-250
-266,-241
-281,-267
-266,-230
-254,-248
-266,-244
-269,-264
-262,-238
-285,-252
-258,-224
-256,-254
-262,-242
-294,-263
-267,-234
-254,-245
-265,-244
-281,-256
-263,-234
-284,-246
-262,-234
-258,-251
-267,-241
-273,-264
-263,-234
-283,-258
-252,-228
-254,-253
-258,-236
-284,-262
-264,-230
-252,-244
-261,-246
-276,-261
-265,-242
-296,-245
-257,-235
-254,-256
-255,-239
-273,-264
-269,-237
-285,-256
-248,-213
-257,-258
-265,-236
-279,-265
-262,-231
-251,-231
-268,-238
-274,-262
-271,-237
-283,-258
-256,-232
-246,-247
-260,-234
-277,-261
-261,-233
-289,-261
-252,-220
-255,-259
-264,-237
-278,-274
-260,-235
-255,-252
-267,-247
-271,-261
-271,-239
-297,-248
-260,-225
-262,-257
-265,-244
-282,-266
-264,-232
-277,-267
-253,-219
-271,-259
-265,-237
-288,-258
-261,-230
-252,-254
-264,-236
-275,-260
-263,-228
-249,-226
-267,-244
-250,-261
-261,-237
-281,-262
-272,-229
-254,-249
-269,-248
-280,-253
-267,-232
-287,-257
-260,-220
-267,-254
-264,-242
-283,-261
-265,-234
-249,-246
-272,-243
-269,-258
-263,-229
-286,-250
-269,-230
-258,-252
-267,-241
-278,-267
-265,-236
-253,-250
-260,-247
-268,-267
-265,-236
-287,-257
-257,-221
-253,-259
-267,-241
-277,-262
-257,-232
-293,-258
-262,-223
-272,-266
-261,-241
-279,-268
-252,-239
-256,-249
-265,-243
-275,-266
-272,-236
-285,-248
-266,-229
-259,-258
-261,-242
-281,-264
-257,-231
-254,-254
-265,-242
-271,-260
-254,-235
-298,-259
-256,-231
-257,-254
-265,-246
-283,-254
-264,-232
-252,-251
-267,-252
-275,-271
-260,-234
-292,-253
-263,-225
-253,-255
-260,-236
-276,-261
-266,-239
-294,-248
-259,-234
-256,-258
-265,-245
-277,-258
-256,-233
-248,-260
-268,-244
-278,-269
-274,-232
-289,-257
-263,-231
-260,-260
-267,-243
-271,-277
-262,-236
-250,-234
-266,-239
-280,-266
-266,-234
-286,-257
-262,-229
-253,-250
-271,-237
-283,-268
-263,-238
-261,-250
-266,-245
-280,-274
-273,-248
-293,-283
-263,-260
-283,-407
-358,-602
-775,-1312
-1350,-2031
-2684,-3453
-3701,-4411
-5148,-5625
-5870,-6168
-6545,-6559
-6628,-6491
-6475,-6336
-6353,-6185
-6231,-6115
-6169,-6021
-6197,-6231
-6399,-6420
-6801,-6970
-7199,-7379
-7904,-8064
-8200,-8281
-8521,-8697
-8814,-8961
-9180,-9267
-9244,-9264
-9290,-9451
-9484,-9784
-10037,-10405
-10399,-10801
-11137,-11698
-11740,-12300
-12672,-13295
-13354,-13882
-14300,-14623
-14881,-14926
-15678,-15331
-16161,-15546
-17023,-15942
-17641,-16110
-18174,-16249
-18291,-16230
-18277,-16221
-18280,-16195
-18155,-16160
-18066,-16130
-18027,-16140
-17977,-16113
-17956,-16174
-17971,-16183
-18021,-16230
-18043,-16229
-18173,-16329
-18218,-16348
-18278,-16485
-18338,-16602
-18227,-16264
-16786,-13606
-10696,-8815
-8628,-8301
-8079,-7776
-7958,-8133
-9056,-9459
-10115,-10367
-12198,-12488
-14514,-14379
-16875,-15537
-18539,-17385
-20602,-19022
-21236,-19523
-21510,-19978
-21566,-20105
-21555,-20306
-21389,-20377
-20897,-20178
-20522,-19987
-20042,-19819
-19845,-19679
-19526,-19498
-19230,-19379
-18983,-19327
-18860,-19257
-18736,-19237
-18656,-19204
-18576,-19205
-18565,-19168
-18521,-19145
-18494,-19083
-18489,-19056
-18462,-19003
-18437,-18997
-18462,-18962
-18486,-18959
-18483,-18912
-18509,-18924
-18496,-18892
-18535,-18969
-18622,-19014
-18671,-19045
-18636,-19000
-18573,-18960
-18556,-18908
-18512,-18876
-18467,-18809
-18470,-18793
-18423,-18725
-18456,-18706
-18486,-18722
-18746,-18777
-18782,-18734
-18819,-18747
-18830,-18705
-18822,-18700
-18750,-18655
-18700,-18615
-18634,-18580
-18607,-18612
-18626,-18589
-18662,-18651
-18639,-18614
-18710,-18654
-18676,-18663
-18742,-18783
-18926,-18829
-19023,-18911
-19103,-18908
-19139,-18991
-19216,-19003
-19276,-19022
-19238,-19010
-19285,-19043
-19293,-18991
-19210,-18928
-19040,-18750
-18676,-18525
-18443,-18425
-18313,-18446
-18236,-18465
-18220,-18590
-18241,-18628
-18289,-18743
-18293,-18731
-18285,-18774
-18316,-18775
-18332,-18793
-18323,-18767
-18360,-18776
-18322,-18749
-18331,-18784
-18351,-18756
-18349,-18785
-18336,-18771
-18340,-18797
-18346,-18853
-18362,-18933
-18355,-18966
-18404,-19065
-18395,-19077
-18383,-19189
-18394,-19214
-18399,-19255
-18372,-19228
-18350,-19221
-18300,-19203
-18289,-19241
-18294,-19221
-18316,-19272
-18298,-19257
-18308,-19295
-18312,-19309
-18335,-19348
-18342,-19343
-18380,-19397
-18381,-19396
-18421,-19488
-18502,-19539
-18603,-19673
-18673,-19713
-18794,-19811
-18823,-19795
-18872,-19771
-18914,-19697
-18901,-19683
-18865,-19625
-18820,-19597
-18813,-19580
-18810,-19541
-18770,-19499
-18774,-19497
-18717,-19412
-18619,-19385
-18597,-19342
-18541,-19328
-18470,-19262
-18411,-19197
-18345,-19103
-18271,-18991
-18215,-18842
-18096,-18721
-18043,-18621
-18061,-18615
-18143,-18775
-18558,-18958
-18765,-19076
-19454,-19130
-19501,-19157
-19772,-19206
-19897,-19174
-19962,-19151
-19887,-19064
-19739,-18986
-19717,-18937
-19726,-18955
-19782,-18911
-19736,-18867
-19712,-18847
-19784,-18874
-19878,-18886
-20345,-19195
-21000,-19321
-22577,-20701
-24374,-20719
-22929,-18591
-21912,-17466
-20590,-16328
-19970,-16257
-20586,-17194
-21253,-17866
-22371,-18875
-22138,-18323
-20286,-17616
-19884,-17584
-19454,-17475
-19219,-17387
-18991,-17301
-18836,-17236
-18619,-17145
-18497,-17075
-18372,-17032
-18259,-16958
-18060,-16878
-17902,-16806
-17657,-16703
-17440,-16591
-17166,-16573
-17027,-16536
-16906,-16620
-16878,-16659
-16881,-16791
-16867,-16865
-16894,-17015
-16948,-17069
-17016,-17197
-17052,-17193
-17097,-17257
-17090,-17250
-17100,-17300
-17103,-17276
-17108,-17292
-17066,-17257
-17042,-17275
-17041,-17236
-17021,-17268
-17003,-17231
-17008,-17252
-16971,-17236
-16963,-17278
-16973,-17265
-16987,-17308
-16968,-17258
-16943,-17300
-16958,-17304
-16974,-17342
-16961,-17327
-16970,-17345
-16946,-17333
-16957,-17378
-16963,-17355
-16977,-17397
-16972,-17372
-16990,-17383
-17010,-17383
-17041,-17382
-17037,-17336
-17069,-17311
-17029,-17230
-17002,-17203
-16992,-17151
-16972,-17121
-16938,-17070
-16908,-17044
-16902,-17023
-16913,-17046
-16904,-17000
-16919,-17034
-16883,-17011
-16884,-17042
-16892,-17051
-16908,-17084
-16888,-17058
-16881,-17109
-16905,-17099
-16916,-17138
-16911,-17132
-16945,-17178
-16920,-17159
-16917,-17187
-16923,-17173
-16934,-17229
-16925,-17182
-16918,-17204
-16921,-17199
-16936,-17225
-16926,-17214
-16945,-17230
-16909,-17199
-16907,-17245
-16930,-17219
-16942,-17261
-16928,-17235
-16931,-17251
-16954,-17272
-16988,-17278
-16988,-17269
-17055,-17287
-17030,-17234
-17049,-17282
-17087,-17266
-17116,-17270
-17106,-17246
-17083,-17205
-17096,-17165
-17067,-17134
-17044,-17042
-17028,-17006
-16982,-16931
-16962,-16904
-16950,-16883
-16946,-16867
-16928,-16820
-16900,-16821
-16910,-16804
-16922,-16827
-16901,-16802
-16949,-16819
-16903,-16805
-16917,-16851
-16916,-16829
-16944,-16875
-16936,-16831
-16911,-16871
-16927,-16866
-16938,-16874
-16927,-16856
-16944,-16864
-16915,-16833
-16907,-16879
-16914,-16833
-16929,-16860
-16912,-16814
-16908,-16838
-16916,-16828
-16932,-16851
-16916,-16823
-16899,-16860
-16918,-16846
-16930,-16876
-16923,-16869
-16947,-16895
-16931,-16884
-16939,-16921
-16958,-16929
-16977,-16971
-16980,-16941
-17005,-16995
-16980,-16981
-16988,-17024
-17004,-17033
-17023,-17062
-17014,-17028
-16995,-17012
-16993,-16979
-16973,-16959
-16954,-16895
-16945,-16891
-16915,-16832
-16891,-16821
-16905,-16800
-16916,-16809
-16891,-16778
-16914,-16787
-16882,-16760
-16886,-16788
-16896,-16794
-16914,-16820
-16906,-16787
-16923,-16832
-16899,-16784
-16898,-16836
-16911,-16830
-16931,-16864
-16916,-16827
-16917,-16844
-16919,-16842
-16932,-16872
-16922,-16840
-16941,-16858
-16911,-16828
-16917,-16868
-16923,-16859
-16938,-16886
-16927,-16847
-16918,-16886
-16926,-16862
-16942,-16889
-16938,-16872
-16955,-16891
-16933,-16879
-16927,-16904
-16945,-16898
-16949,-16929
-16944,-16894
-16930,-16930
-16947,-16927
-16963,-16948
-16951,-16939
-16977,-16962
-16958,-16942
-16955,-16988
-16963,-16972
-16992,-17012
-16968,-16989
-16970,-17026
-16985,-17027
-16987,-17043
-16979,-16994
-16992,-16976
-16942,-16911
-16921,-16888
-16907,-16845
-16907,-16819
-16882,-16781
-16854,-16763
-16869,-16748
-16864,-16767
-16860,-16733
-16883,-16756
-16856,-16737
-16855,-16786
-16867,-16780
-16894,-16821
-16880,-16786
-16880,-16835
-16892,-16823
-16921,-16864
-16910,-16854
-16937,-16879
-16911,-16869
-16917,-16916
-16932,-16895
-16952,-16949
-16940,-16894
-16930,-16923
-16942,-16916
-16950,-16941
-16940,-16918
-16969,-16939
-16940,-16912
-16940,-16961
-16953,-16945
-16969,-16982
-16955,-16961
-16947,-16967
-16969,-16993
-16969,-17018
-16973,-17006
-17001,-17039
-16976,-16996
-16976,-17051
-16987,-17038
-17005,-17067
-16997,-17059
-16990,-17084
-17006,-17078
-17022,-17131
-17022,-17086
-17047,-17118
-17017,-17111
-17013,-17133
-17027,-17143
-17047,-17169
-17030,-17137
-17063,-17180
-17037,-17131
-17037,-17187
-17045,-17173
-17049,-17205
-17046,-17186
-17029,-17204
-17049,-17197
-17066,-17242
-17064,-17200
-17089,-17232
-17061,-17216
-17053,-17231
-17048,-17212
-17061,-17193
-17024,-17131
-17032,-17101
-16989,-17024
-16962,-17028
-16956,-16985
-16967,-16988
-16939,-16943
-16924,-16943
-16941,-16944
-16952,-16969
-16936,-16935
-16962,-16965
-16940,-16948
-16940,-16972
-16955,-16970
-16974,-17010
-16953,-16981
-16978,-17015
-16959,-16972
-16959,-17018
-16968,-17010
-16987,-17033
-16960,-17008
-16957,-17034
-16979,-17028
-16981,-17055
-16977,-17021
-16999,-17052
-16979,-17017
-16971,-17045
-16984,-17053
-16994,-17063
-16987,-17041
-17012,-17080
-16983,-17032
-16985,-17075
-16999,-17077
-17001,-17102
-16997,-17087
-16986,-17110
-17013,-17116
-17016,-17147
-17021,-17128
-17047,-17152
-17016,-17135
-17022,-17174
-17040,-17180
-17057,-17206
-17049,-17175
-17077,-17217
-17050,-17179
-17049,-17227
-17058,-17215
-17073,-17246
-17058,-17219
-17053,-17230
-17073,-17240
-17082,-17271
-17077,-17238
-17091,-17264
-17076,-17230
-17059,-17242
-17062,-17226
-17050,-17195
-17034,-17129
-17020,-17109
-16989,-17025
-16961,-17035
-16957,-16994
-16965,-17007
-16942,-16960
-16923,-16967
-16944,-16959
-16946,-16980
-16947,-16952
-16967,-16985
-16946,-16958
-16946,-16992
-16954,-16983
-16974,-17017
-16953,-16983
-16951,-17026
-16976,-17020
-17000,-17053
-16985,-17031
-16999,-17052
-16971,-17036
-16973,-17058
-16986,-17045
-16985,-17076
-16989,-17038
-17007,-17054
-16969,-17031
-16975,-17070
-16977,-17056
-17006,-17090
-16990,-17060
-16978,-17086
-16995,-17066
-17012,-17111
-16989,-17095
-17022,-17102
-16993,-17092
-16995,-17126
-17010,-17116
-17033,-17162
-17020,-17132
-17012,-17157
-17030,-17159
-17046,-17176
-17035,-17171
-17063,-17189
-17036,-17169
-17034,-17215
-17052,-17199
-17056,-17231
-17047,-17198
-17031,-17169
-17034,-17175
-17004,-17152
-17004,-17092
-17000,-17067
-16960,-16996
-16936,-16981
-16948,-16964
-16945,-16964
-16928,-16939
-16952,-16953
-16920,-16920
-16918,-16959
-16929,-16931
-16964,-16974
-16930,-16940
-16932,-16976
-16940,-16975
-16958,-16999
-16956,-16981
-16982,-17023
-16953,-16975
-16951,-17030
-16971,-17017
-16984,-17044
-16956,-17019
-16954,-17025
-16966,-17021
-16984,-17049
-16974,-17007
-16991,-17036
-16965,-17004
-16961,-17029
-16968,-17035
-16983,-17049
-16970,-17027
-16990,-17062
-16972,-17020
-16979,-17073
-16982,-17065
-17006,-17094
-16985,-17072
-16981,-17102
-17001,-17093
-17018,-17123
-17003,-17091
-16997,-17120
-17004,-17119
-17022,-17137
-17007,-17122
-17035,-17149
-17016,-17126
-17006,-17155
-17026,-17140
-17041,-17164
-17009,-17148
-17046,-17162
-17003,-17128
-16997,-17119
-16993,-17065
-16979,-17028
-16942,-16951
-16905,-16918
-16899,-16887
-16899,-16868
-16875,-16826
-16902,-16830
-16862,-16786
-16848,-16824
-16867,-16795
-16886,-16823
-16861,-16788
-16862,-16817
-16880,-16815
-16882,-16835
-16881,-16805
-16908,-16849
-16874,-16802
-16876,-16863
-16888,-16852
-16911,-16886
-16892,-16856
-16885,-16874
-16908,-16870
-16921,-16901
-16904,-16863
-16920,-16881
-16899,-16861
-16894,-16884
-16901,-16875
-16923,-16903
-16913,-16879
-16935,-16904
-16900,-16865
-16904,-16907
-16913,-16896
-16940,-16925
-16919,-16899
-16915,-16927
-16923,-16930
-16940,-16959
-16934,-16931
-16963,-16960
-16933,-16937
-16932,-16973
-16941,-16975
-16957,-16998
-16958,-16971
-16943,-16994
-16954,-16983
-16952,-17009
-16963,-16989
-16983,-17014
-16949,-16991
-16961,-17022
-16968,-17010
-16980,-17047
-16958,-16993
-16979,-16978
-16928,-16911
-16906,-16895
-16888,-16834
-16888,-16819
-16845,-16743
-16822,-16739
-16825,-16701
-16832,-16715
-16819,-16686
-16809,-16699
-16826,-16695
-16834,-16732
-16832,-16715
-16848,-16731
-16834,-16710
-16834,-16741
-16834,-16727
-16856,-16759
-16844,-16746
-16833,-16769
-16857,-16770
-16868,-16804
-16863,-16782
-16898,-16826
-16870,-16787
-16865,-16801
-16873,-16808
-16888,-16824
-16882,-16802
-16891,-16827
-16874,-16793
-16870,-16833
-16890,-16822
-16907,-16848
-16885,-16830
-16874,-16836
-16905,-16850
-16916,-16893
-16906,-16856
-16936,-16895
-16910,-16879
-16909,-16908
-16927,-16910
-16945,-16946
-16934,-16916
-16924,-16946
-16938,-16937
-16965,-16960
-16945,-16948
-16973,-16979
-16940,-16948
-16942,-16985
-16961,-16982
-16972,-17003
-16960,-16978
-16950,-17000
-16969,-16997
-16973,-17020
-16968,-17001
-16980,-17002
-16964,-16980
-16935,-16967
-16938,-16925
-16929,-16885
-16896,-16822
-16892,-16802
-16850,-16735
-16835,-16749
-16846,-16720
-16850,-16735
-16823,-16692
-16833,-16727
-16839,-16719
-16849,-16748
-16837,-16721
-16877,-16746
-16851,-16719
-16831,-16769
-16860,-16748
-16890,-16790
-16859,-16762
-16854,-16790
-16868,-16789
-16891,-16823
-16890,-16802
-16914,-16838
-16885,-16800
-16894,-16836
-16901,-16824
-16917,-16853
-16894,-16822
-16887,-16830
-16907,-16835
-16901,-16864
-16899,-16839
-16926,-16863
-16906,-16843
-16906,-16878
-16916,-16878
-16943,-16915
-16932,-16889
-16922,-16918
-16941,-16920
-16951,-16945
-16946,-16932
-16969,-16955
-16947,-16944
-16951,-16981
-16959,-16968
-16980,-16995
-16970,-16980
-16997,-17004
-16968,-16969
-16967,-17036
-16968,-17010
-17003,-17044
-16974,-17017
-16969,-17039
-16985,-17041
-17006,-17074
-16998,-17055
-17011,-17052
-16976,-17010
-16963,-17008
-16963,-16961
-16950,-16934
-16920,-16865
-16891,-16835
-16897,-16815
-16878,-16819
-16868,-16790
-16898,-16797
-16865,-16768
-16862,-16809
-16874,-16792
-16889,-16828
-16890,-16807
-16870,-16826
-16886,-16824
-16903,-16859
-16902,-16833
-16925,-16865
-16903,-16839
-16913,-16889
-16918,-16886
-16944,-16911
-16916,-16890
-16920,-16901
-16929,-16899
-16937,-16911
-16922,-16890
-16964,-16913
-16917,-16878
-16919,-16906
-16922,-16888
-16943,-16926
-16926,-16902
-16916,-16928
-16934,-16924
-16958,-16953
-16948,-16930
-16967,-16958
-16951,-16942
-16944,-16980
-16967,-16962
-16978,-17006
-16966,-16973
-16995,-17010
-16964,-16971
-16962,-17024
-16975,-17000
-17000,-17031
-16990,-17007
-16998,-17042
-16983,-17000
-16987,-17043
-16992,-17033
-17001,-17039
-16969,-16978
-16951,-16957
-16946,-16916
-16930,-16888
-16905,-16831
-16915,-16819
-16875,-16777
-16876,-16803
-16876,-16769
-16899,-16807
-16876,-16774
-16863,-16801
-16885,-16796
-16902,-16828
-16893,-16799
-16911,-16830
-16893,-16803
-16885,-16838
-16903,-16832
-16919,-16865
-16915,-16838
-16946,-16876
-16920,-16853
-16925,-16898
-16923,-16868
-16957,-16901
-16930,-16867
-16913,-16888
-16933,-16871
-16940,-16892
-16925,-16867
-16947,-16889
-16919,-16863
-16932,-16901
-16946,-16875
-16951,-16918
-16929,-16888
-16932,-16918
-16958,-16914
-16958,-16948
-16957,-16924
-16989,-16952
-16953,-16920
-16946,-16965
-16960,-16952
-16977,-16977
-16961,-16960
-16951,-16972
-16969,-16966
-16990,-17008
-16973,-16982
-17007,-17002
-16973,-16972
-16975,-17008
-16988,-17004
-16997,-17036
-16982,-17011
-16991,-17020
-16993,-17012
-16982,-17007
-16972,-16966
-16971,-16942
-16929,-16867
-16893,-16837
-16898,-16800
-16898,-16788
-16876,-16746
-16884,-16751
-16852,-16710
-16840,-16741
-16865,-16728
-16866,-16755
-16857,-16727
-16893,-16757
-16865,-16724
-16856,-16768
-16872,-16747
-16897,-16777
-16872,-16748
-16865,-16783
-16876,-16781
-16906,-16812
-16896,-16791
-16915,-16820
-16885,-16787
-16902,-16835
-16912,-16808
-16922,-16841
-16902,-16796
-16898,-16820
-16913,-16811
-16922,-16838
-16903,-16814
-16933,-16838
-16906,-16818
-16899,-16851
-16912,-16852
-16938,-16874
-16927,-16853
-16920,-16878
-16927,-16877
-16955,-16911
-16942,-16893
-16961,-16921
-16935,-16887
-16948,-16928
-16960,-16927
-16973,-16962
-16960,-16933
-16952,-16967
-16975,-16959
-16985,-16989
-16965,-16961
-17007,-16995
-16978,-16963
-16975,-17002
-16982,-16995
-17008,-17020
-16990,-17001
-16984,-17024
-17002,-17021
-17010,-17058
-17006,-17035
-17026,-17060
-17002,-17037
-17010,-17071
-17013,-17069
-17036,-17108
-17024,-17074
-17010,-17083
-17016,-17066
-17006,-17032
-16983,-16984
-16990,-16949
-16944,-16883
-16909,-16876
-16909,-16838
-16923,-16834
-16892,-16798
-16869,-16802
-16881,-16785
-16897,-16809
-16887,-16789
-16916,-16817
-16889,-16784
-16898,-16833
-16900,-16807
-16913,-16845
-16900,-16800
-16902,-16835
-16918,-16832
-16918,-16871
-16920,-16845
-16959,-16869
-16926,-16842
-16919,-16889
-16929,-16869
-16949,-16890
-16929,-16872
-16914,-16883
-16936,-16885
-16938,-16903
-16942,-16880
-16953,-16900
-16937,-16859
-16932,-16910
-16948,-16901
-16969,-16957
-16955,-16918
-16956,-16939
-16957,-16938
-16981,-16979
-16959,-16956
-16993,-16989
-16977,-16975
-16978,-17010
-16989,-17003
-17012,-17041
-16992,-17009
-16983,-17044
-16988,-17032
-17020,-17057
-17003,-17048
-17026,-17073
-16998,-17041
-17012,-17079
-17010,-17066
-17041,-17102
-17016,-17069
-17010,-17098
-17030,-17105
-17038,-17133
-17028,-17110
-17061,-17139
-17027,-17110
-17025,-17145
-17042,-17145
-17059,-17168
-17049,-17143
-17028,-17173
-17046,-17159
-17070,-17186
-17054,-17163
-17081,-17201
-17048,-17147
-17038,-17148
-17035,-17110
-17035,-17090
-17000,-17034
-16968,-17004
-16971,-16972
-16963,-16960
-16947,-16920
-16966,-16935
-16944,-16917
-16927,-16951
-16940,-16936
-16966,-16966
-16956,-16940
-16940,-16967
-16954,-16959
-16967,-16991
-16966,-16965
-16991,-16996
-16960,-16975
-16963,-17019
-16988,-17008
-17001,-17052
-16982,-17013
-16979,-17048
-16996,-17043
-17003,-17071
-16991,-17046
-17018,-17060
-16995,-17027
-16989,-17071
-16999,-17051
-17023,-17085
-16998,-17053
-16988,-17074
-17008,-17079
-17022,-17109
-17012,-17086
-17043,-17115
-17022,-17096
-17015,-17125
-17032,-17138
-17037,-17166
-17042,-17141
-17064,-17170
-17041,-17152
-17042,-17179
-17046,-17177
-17068,-17211
-17056,-17182
-17086,-17209
-17056,-17190
-17056,-17232
-17067,-17214
-17082,-17245
-17061,-17216
-17052,-17246
-17074,-17239
-17080,-17271
-17079,-17241
-17109,-17274
-17086,-17250
-17073,-17280
-17083,-17245
-17091,-17243
-17058,-17197
-17025,-17153
-17033,-17106
-17015,-17094
-17002,-17042
-17005,-17033
-16964,-16986
-16956,-17004
-16959,-16981
-16971,-17006
-16955,-16966
-16935,-16994
-16962,-16990
-16964,-17027
-16970,-17014
-16994,-17047
-16970,-17044
-16974,-17091
-16990,-17090
-17015,-17148
-17008,-17134
-17012,-17170
-17026,-17177
-17031,-17209
-17033,-17190
-17049,-17229
-17025,-17191
-17018,-17201
-17025,-17192
-17042,-17216
-17027,-17177
-17048,-17202
-17027,-17173
-17025,-17213
-17036,-17203
-17065,-17229
-17056,-17193
-17037,-17225
-17051,-17221
-17069,-17244
-17073,-17245
-17096,-17293
-17080,-17269
-17077,-17286
-17093,-17286
-17112,-17322
-17094,-17292
-17126,-17320
-17101,-17297
-17096,-17328
-17109,-17333
-17132,-17353
-17119,-17322
-17129,-17360
-17114,-17317
-17103,-17346
-17112,-17335
-17118,-17328
-17088,-17272
-17059,-17241
-17059,-17204
-17040,-17198
-17021,-17143
-17044,-17135
-17002,-17110
-16995,-17127
-17007,-17119
-17023,-17135
-17005,-17109
-16995,-17134
-17018,-17117
-17022,-17132
-17015,-17109
-17022,-17119
-17002,-17089
-16999,-17121
-17016,-17103
-17022,-17138
-17009,-17106
-17004,-17130
-17022,-17138
-17023,-17160
-17024,-17134
-17046,-17166
-17026,-17136
-17018,-17173
-17031,-17160
-17051,-17189
-17039,-17155
-17016,-17148
-17032,-17171
-17038,-17190
-17037,-17180
-17058,-17206
-17034,-17177
-17029,-17213
-17041,-17211
-17063,-17240
-17052,-17214
-17096,-17247
-17052,-17204
-17046,-17266
-17057,-17244
-17092,-17275
-17059,-17246
-17065,-17281
-17073,-17274
-17089,-17305
-17080,-17272
-17099,-17313
-17090,-17282
-17085,-17323
-17095,-17308
-17114,-17331
-17080,-17291
-17068,-17302
-17076,-17264
-17068,-17235
-17038,-17186
-17042,-17159
-16995,-17093
-16977,-17087
-16971,-17058
-16978,-17052
-16956,-17012
-16939,-17032
-16952,-17011
-16972,-17029
-16958,-17017
-16975,-17044
-16953,-17018
-16956,-17054
-16978,-17034
-16981,-17069
-16971,-17037
-16963,-17060
-16979,-17067
-16983,-17102
-16989,-17078
-17015,-17104
-16989,-17081
-16982,-17113
-16998,-17098
-17008,-17124
-16994,-17102
-17029,-17120
-16988,-17092
-16985,-17131
-17005,-17114
-17013,-17152
-17004,-17119
-16995,-17147
-17016,-17144
-17025,-17168
-17013,-17141
-17040,-17165
-17021,-17141
-17016,-17178
-17024,-17168
-17034,-17202
-17021,-17181
-17053,-17206
-17030,-17196
-17024,-17221
-17040,-17211
-17054,-17260
-17045,-17218
-17076,-17253
-17048,-17219
-17047,-17276
-17054,-17254
-17081,-17290
-17058,-17257
-17055,-17283
-17062,-17277
-17079,-17305
-17062,-17283
-17093,-17311
-17062,-17275
-17042,-17276
-17047,-17238
-17041,-17222
-17008,-17157
-16987,-17126
-16982,-17107
-16979,-17100
-16962,-17065
-16981,-17068
-16945,-17034
-16941,-17072
-16963,-17057
-16980,-17089
-16960,-17060
-16951,-17078
-16965,-17084
-16975,-17113
-16975,-17092
-16995,-17120
-16970,-17090
-16976,-17136
-16991,-17125
-16999,-17170
-16986,-17135
-16980,-17146
-17004,-17161
-17010,-17185
-16993,-17160
-17019,-17172
-17001,-17150
-16987,-17180
-17001,-17171
-17011,-17193
-17006,-17173
-17029,-17200
-17002,-17173
-16997,-17215
-17021,-17201
-17029,-17243
-17013,-17210
-17014,-17216
-17025,-17229
-17041,-17275
-17032,-17244
-17056,-17277
-17035,-17248
-17030,-17284
-17041,-17284
-17060,-17317
-17046,-17290
-17072,-17326
-17053,-17284
-17040,-17328
-17060,-17316
-17076,-17345
-17062,-17326
-17047,-17352
-17070,-17342
-17077,-17372
-17071,-17345
-17096,-17373
-17073,-17345
-17074,-17394
-17077,-17381
-17108,-17411
-17089,-17384
-17076,-17413
-17095,-17406
-17102,-17419
-17092,-17373
-17086,-17365
-17054,-17310
-17039,-17292
-17027,-17249
-17028,-17254
-16998,-17190
-16981,-17195
-16988,-17175
-16982,-17195
-16981,-17179
-17009,-17199
-16978,-17163
-16978,-17212
-16984,-17198
-17005,-17214
-16996,-17191
-17000,-17221
-16979,-17192
-16995,-17231
-17007,-17228
-17023,-17264
-17003,-17230
-17030,-17256
-16995,-17231
-17003,-17264
-17012,-17252
-17028,-17273
-17004,-17235
-16995,-17254
-17009,-17244
-17020,-17263
-17011,-17241
-17028,-17257
-17005,-17230
-16997,-17270
-17018,-17258
-17025,-17293
-17016,-17260
-17011,-17283
-17009,-17277
-17032,-17312
-17028,-17289
-17050,-17322
-17030,-17295
-17022,-17335
-17039,-17313
-17053,-17352
-17041,-17334
-17063,-17353
-17042,-17324
-17044,-17359
-17055,-17355
-17068,-17390
-17050,-17354
-17083,-17378
-17050,-17357
-17047,-17409
-17067,-17403
-17092,-17445
-17076,-17409
-17065,-17436
-17069,-17423
-17091,-17429
-17065,-17383
-17072,-17363
-17036,-17317
-17009,-17294
-17020,-17252
-17003,-17255
-16983,-17203
-16999,-17218
-16961,-17163
-16957,-17195
-16965,-17187
-16985,-17219
-16971,-17172
-16954,-17204
-16969,-17190
-16986,-17210
-16969,-17192
-16991,-17220
-16958,-17181
-16959,-17230
-16987,-17212
-17000,-17258
-16973,-17219
-16984,-17236
-16985,-17233
-16993,-17259
-16980,-17234
-17004,-17245
-16978,-17209
-16977,-17240
-16980,-17219
-17003,-17236
-16976,-17212
-16970,-17227
-16983,-17223
-16990,-17254
-16994,-17226
-17007,-17253
-16986,-17227
-16984,-17258
-16996,-17263
-17008,-17288
-16993,-17260
-17040,-17301
-16999,-17262
-16996,-17308
-17013,-17291
-17033,-17321
-17013,-17292
-17038,-17327
-17016,-17301
-17009,-17346
-17025,-17323
-17046,-17366
-17028,-17325
-17024,-17346
-17033,-17343
-17043,-17374
-17034,-17349
-17061,-17382
-17025,-17340
-17024,-17386
-17050,-17367
-17069,-17407
-17047,-17371
-17032,-17396
-17048,-17397
-17062,-17411
-17054,-17387
-17074,-17419
-17033,-17366
-17020,-17372
-17025,-17336
-17016,-17316
-16992,-17257
-16950,-17217
-16963,-17187
-16948,-17181
-16936,-17141
-16951,-17137
-16922,-17105
-16918,-17129
-16918,-17117
-16938,-17134
-16921,-17110
-16957,-17139
-16908,-17094
-16921,-17137
-16919,-17122
-16938,-17153
-16922,-17126
-16918,-17152
-16931,-17141
-16944,-17169
-16937,-17145
-16966,-17173
-16936,-17144
-16930,-17173
-16931,-17174
-16956,-17189
-16940,-17148
-16959,-17173
-16927,-17133
-16930,-17183
-16940,-17168
-16956,-17195
-16941,-17172
-16928,-17193
-16951,-17183
-16959,-17209
-16948,-17189
-16980,-17212
-16947,-17197
-16945,-17222
-16959,-17219
-16981,-17245
-16971,-17227
-16990,-17262
-16972,-17224
-16965,-17266
-16974,-17251
-16996,-17281
-16972,-17261
-16965,-17281
-16987,-17271
-17001,-17296
-16989,-17277
-17020,-17298
-16992,-17277
-16987,-17303
-16994,-17294
-17007,-17323
-17002,-17301
-17021,-17328
-16999,-17287
-17001,-17331
-17000,-17318
-17026,-17351
-17003,-17313
-17007,-17331
-17018,-17334
-17018,-17374
-17017,-17342
-17042,-17359
-17011,-17350
-17009,-17366
-17015,-17337
-17017,-17342
-17003,-17288
-16997,-17268
-16948,-17200
-16941,-17186
-16925,-17139
-16927,-17135
-16906,-17088
-16882,-17091
-16895,-17077
-16907,-17094
-16889,-17057
-16915,-17086
-16880,-17047
-16885,-17094
-16898,-17070
-16913,-17099
-16892,-17057
-16884,-17090
-16892,-17079
-16909,-17104
-16904,-17085
-16922,-17107
-16903,-17091
-16892,-17111
-16914,-17097
-16921,-17126
-16906,-17082
-16893,-17096
-16904,-17090
-16906,-17114
-16899,-17087
-16915,-17106
-16897,-17079
-16888,-17099
-16901,-17087
-16915,-17110
-16904,-17098
-16927,-17121
-16900,-17102
-16902,-17128
-16911,-17114
-16934,-17154
-16917,-17124
-16911,-17138
-16916,-17148
-16937,-17172
-16930,-17144
-16946,-17173
-16929,-17144
-16922,-17192
-16937,-17159
-16957,-17181
-16926,-17169
-16923,-17187
-16933,-17182
-16954,-17214
-16943,-17186
-16963,-17207
-16931,-17182
-16940,-17214
-16943,-17208
-16956,-17240
-16942,-17206
-16937,-17237
-16948,-17225
-16963,-17256
-16958,-17231
-16984,-17270
-16961,-17226
-16952,-17258
-16957,-17242
-16967,-17233
-16950,-17184
-16950,-17163
-16908,-17092
-16872,-17082
-16874,-17038
-16879,-17032
-16848,-16975
-16828,-16977
-16842,-16956
-16845,-16986
-16833,-16953
-16863,-16967
-16831,-16957
-16844,-16997
-16844,-16984
-16881,-17000
-16854,-16965
-16842,-17008
-16859,-17003
-16872,-17036
-16858,-17017
-16888,-17044
-16860,-17018
-16857,-17056
-16885,-17040
-16896,-17077
-16872,-17030
-16877,-17051
-16876,-17040
-16880,-17062
-16874,-17028
-16905,-17050
-16883,-17020
-16869,-17058
-16871,-17045
-16896,-17071
-16883,-17050
-16908,-17076
-16881,-17049
-16877,-17079
-16897,-17073
-16912,-17120
-16892,-17076
-16894,-17098
-16901,-17100
-16907,-17125
-16906,-17118
-16928,-17134
-16916,-17108
-16907,-17143
-16921,-17129
-16934,-17160
-16921,-17142
-16932,-17168
-16922,-17135
-16912,-17175
-16925,-17158
-16956,-17200
-16932,-17164
-16927,-17182
-16937,-17178
-16938,-17206
-16946,-17194
-16969,-17211
-16948,-17179
-16930,-17188
-16940,-17166
-16940,-17132
-16898,-17073
-16899,-17048
-16849,-16971
-16830,-16966
-16837,-16928
-16837,-16935
-16811,-16892
-16798,-16899
-16814,-16888
-16821,-16916
-16815,-16901
-16847,-16916
-16822,-16891
-16817,-16938
-16830,-16922
-16845,-16946
-16833,-16929
-16852,-16961
-16832,-16936
-16835,-16980
-16862,-16969
-16871,-17005
-16857,-16968
-16844,-16987
-16852,-16979
-16868,-17004
-16848,-16973
-16880,-16984
-16845,-16951
-16839,-16999
-16856,-16977
-16876,-17001
-16858,-16975
-16856,-17007
-16861,-17001
-16880,-17026
-16872,-17007
-16902,-17041
-16873,-17013
-16879,-17047
-16883,-17044
-16904,-17078
-16892,-17049
-16876,-17074
-16905,-17064
-16913,-17110
-16900,-17084
-16930,-17098
-16910,-17078
-16900,-17116
-16907,-17115
-16932,-17139
-16924,-17109
-16943,-17139
-16923,-17106
-16917,-17133
-16914,-17121
-16938,-17154
-16917,-17130
-16910,-17131
-16927,-17143
-16943,-17166
-16932,-17143
-16953,-17182
-16927,-17126
-16911,-17110
-16904,-17080
-16886,-17041
-16867,-16980
-16865,-16938
-16813,-16878
-16796,-16868
-16797,-16856
-16798,-16854
-16787,-16822
-16818,-16836
-16783,-16793
-16778,-16847
-16790,-16827
-16810,-16849
-16791,-16822
-16785,-16830
-16796,-16838
-16800,-16858
-16807,-16843
-16825,-16880
-16798,-16862
-16810,-16872
-16811,-16883
-16829,-16906
-16826,-16875
-16858,-16902
-16814,-16857
-16808,-16894
-16817,-16880
-16838,-16901
-16825,-16864
-16838,-16896
-16810,-16870
-16819,-16895
-16830,-16888
-16850,-16929
-16822,-16889
-16828,-16923
-16842,-16925
-16847,-16949
-16844,-16933
-16867,-16966
-16852,-16933
-16850,-16974
-16859,-16964
-16881,-16991
-16868,-16975
-16885,-16999
-16867,-16983
-16856,-17023
-16872,-17013
-16897,-17040
-16877,-17015
-16876,-17034
-16886,-17034
-16887,-17059
-16889,-17047
-16923,-17061
-16891,-17047
-16891,-17076
-16901,-17066
-16924,-17092
-16904,-17073
-16931,-17102
-16907,-17074
-16906,-17109
-16919,-17093
-16930,-17119
-16909,-17076
-16894,-17046
-16887,-17019
-16862,-16968
-16840,-16915
-16845,-16881
-16791,-16817
-16771,-16810
-16774,-16785
-16777,-16780
-16764,-16752
-16783,-16765
-16758,-16740
-16750,-16777
-16770,-16758
-16784,-16797
-16769,-16761
-16767,-16776
-16773,-16778
-16783,-16803
-16781,-16780
-16809,-16807
-16788,-16786
-16777,-16823
-16794,-16815
-16808,-16849
-16798,-16826
-16810,-16851
-16790,-16811
-16798,-16839
-16796,-16821
-16818,-16846
-16793,-16816
-16788,-16827
-16801,-16821
-16806,-16846
-16806,-16829
-16829,-16857
-16807,-16840
-16799,-16869
-16811,-16859
-16838,-16893
-16830,-16881
-16843,-16897
-16831,-16879
-16825,-16916
-16840,-16912
-16856,-16942
-16845,-16914
-16841,-16946
-16845,-16941
-16862,-16963
-16857,-16960
-16872,-16963
-16853,-16943
-16843,-16981
-16869,-16972
-16887,-17006
-16868,-16982
-16895,-17005
-16876,-16994
-16875,-17025
-16885,-17016
-16902,-17049
-16886,-17006
-16910,-17037
-16880,-17009
-16882,-17060
-16890,-17043
-16928,-17073
-16894,-17041
-16885,-17052
-16892,-17033
-16885,-17018
-16854,-16957
-16855,-16915
-16817,-16850
-16778,-16822
-16791,-16773
-16770,-16769
-16755,-16732
-16772,-16732
-16739,-16700
-16745,-16741
-16749,-16723
-16775,-16765
-16750,-16728
-16747,-16750
-16760,-16751
-16786,-16782
-16777,-16764
-16791,-16802
-16768,-16770
-16769,-16803
-16792,-16797
-16801,-16838
-16796,-16809
-16825,-16840
-16790,-16811
-16790,-16840
-16794,-16820
-16820,-16851
-16796,-16808
-16768,-16836
-16793,-16831
-16806,-16845
-16806,-16829
-16817,-16869
-16794,-16833
-16791,-16859
-16814,-16855
-16824,-16898
-16816,-16859
-16844,-16897
-16825,-16880
-16813,-16922
-16824,-16911
-16861,-16939
-16836,-16913
-16824,-16941
-16848,-16940
-16865,-16968
-16858,-16954
-16875,-16996
-16856,-16955
-16855,-16984
-16861,-16976
-16880,-17011
-16873,-16986
-16902,-17011
-16868,-16989
-16868,-17024
-16882,-17018
-16908,-17053
-16876,-17013
-16877,-17043
-16878,-17032
-16902,-17059
-16881,-17043
-16910,-17089
-16892,-17041
-16885,-17054
-16892,-17034
-16889,-17020
-16846,-16940
-16850,-16910
-16805,-16826
-16774,-16822
-16772,-16776
-16780,-16767
-16745,-16722
-16759,-16741
-16732,-16697
-16728,-16738
-16744,-16725
-16764,-16759
-16752,-16721
-16746,-16759
-16762,-16752
-16763,-16784
-16763,-16757
-16794,-16784
-16762,-16763
-16756,-16802
-16780,-16791
-16799,-16836
-16782,-16800
-16768,-16819
-16777,-16808
-16786,-16830
-16787,-16794
-16789,-16833
-16768,-16787
-16752,-16798
-16778,-16796
-16785,-16825
-16778,-16799
-16806,-16817
-16774,-16795
-16772,-16826
-16789,-16822
-16810,-16847
-16799,-16822
-16776,-16850
-16795,-16841
-16824,-16876
-16806,-16853
-16834,-16879
-16801,-16857
-16805,-16895
-16819,-16880
-16836,-16917
-16822,-16891
-16817,-16907
-16834,-16914
-16838,-16938
-16834,-16917
-16866,-16934
-16835,-16913
-16828,-16947
-16842,-16939
-16866,-16963
-16846,-16940
-16860,-16970
-16841,-16941
-16842,-16970
-16849,-16944
-16860,-16944
-16822,-16879
-16799,-16847
-16784,-16787
-16773,-16761
-16746,-16692
-16743,-16686
-16705,-16623
-16689,-16650
-16701,-16625
-16723,-16642
-16705,-16628
-16691,-16654
-16705,-16645
-16733,-16682
-16709,-16655
-16702,-16673
-16716,-16662
-16727,-16703
-16725,-16678
-16746,-16711
-16727,-16685
-16736,-16725
-16748,-16712
-16761,-16755
-16743,-16724
-16739,-16733
-16753,-16722
-16760,-16752
-16743,-16729
-16764,-16746
-16740,-16707
-16734,-16730
-16751,-16715
-16753,-16745
-16742,-16726
-16774,-16767
-16743,-16733
-16773,-16781
-16757,-16767
-16789,-16791
-16767,-16765
-16765,-16804
-16779,-16802
-16791,-16835
-16779,-16809
-16779,-16827
-16785,-16834
-16793,-16856
-16793,-16839
-16828,-16853
-16794,-16837
-16795,-16877
-16807,-16868
-16829,-16899
-16812,-16862
-16801,-16884
-16806,-16873
-16835,-16905
-16818,-16881
-16839,-16912
-16807,-16889
-16836,-16924
-16823,-16895
-16854,-16930
-16823,-16895
-16820,-16906
-16821,-16878
-16818,-16858
-16777,-16779
-16738,-16720
-16736,-16678
-16713,-16644
-16690,-16602
-16701,-16593
-16666,-16552
-16658,-16577
-16667,-16567
-16681,-16591
-16676,-16551
-16693,-16591
-16661,-16549
-16667,-16591
-16673,-16574
-16690,-16613
-16671,-16583
-16670,-16604
-16682,-16603
-16703,-16640
-16695,-16620
-16721,-16643
-16687,-16620
-16685,-16655
-16702,-16648
-16721,-16676
-16708,-16643
-16726,-16651
-16701,-16621
-16691,-16650
-16702,-16643
-16716,-16662
-16705,-16648
-16741,-16666
-16709,-16638
-16708,-16684
-16721,-16674
-16742,-16714
-16720,-16680
-16716,-16719
-16730,-16717
-16754,-16752
-16741,-16724
-16775,-16759
-16741,-16720
-16736,-16768
-16759,-16764
-16765,-16791
-16755,-16773
-16789,-16792
-16760,-16749
-16752,-16802
-16769,-16779
-16790,-16831
-16769,-16793
-16765,-16812
-16774,-16815
-16800,-16843
-16781,-16805
-16795,-16841
-16779,-16809
-16783,-16842
-16797,-16836
-16801,-16868
-16790,-16834
-16820,-16849
-16784,-16800
-16768,-16792
-16752,-16729
-16740,-16686
-16702,-16612
-16661,-16571
-16655,-16536
-16656,-16523
-16635,-16485
-16656,-16505
-16613,-16456
-16621,-16486
-16628,-16481
-16642,-16526
-16630,-16490
-16629,-16508
-16640,-16496
-16645,-16526
-16636,-16505
-16667,-16528
-16633,-16504
-16650,-16560
-16658,-16550
-16682,-16591
-16667,-16554
-16661,-16579
-16668,-16574
-16685,-16595
-16671,-16561
-16685,-16579
-16651,-16547
-16659,-16581
-16671,-16566
-16678,-16591
-16665,-16550
-16647,-16580
-16671,-16589
-16667,-16619
-16686,-16600
-16710,-16634
-16680,-16606
-16678,-16648
-16704,-16642
-16723,-16673
-16706,-16664
-16738,-16690
-16705,-16668
-16708,-16717
-16732,-16691
-16757,-16739
-16733,-16695
-16737,-16740
-16738,-16729
-16750,-16755
-16742,-16729
-16765,-16763
-16740,-16729
